111101110101000000
111111001101000000
111010111101000000
111110100111000000
101111010111000000
101011101111000000
111001011111000000
101100111111000000
111111101000100000
111011110100100000
111110011100100000
100111111100100000
101111110010100000
011110111010100000
110011111010100000
011111100110100000
111011001110100000
101110101110100000
011101011110100000
110100111110100000
101001111110100000
111101011001100000
101011111001100000
101111100101100000
111001101101100000
111101100011100000
011111010011100000
110110110011100000
111010101011100000
010111101011100000
101110011011100000
100101111011100000
110011010111100000
111000110111100000
010101110111100000
100111001111100000
011100101111100000
010110011111100000
100010111111100000
101111111000010000
011111110100010000
110111101100010000
111011011100010000
111111100010010000
011101111010010000
101011110110010000
011111001110010000
110110011110010000
101101011110010000
010011111110010000
111101101001010000
010111111001010000
111011100101010000
110101011101010000
001111011101010000
100110111101010000
011001111101010000
110101110011010000
001111110011010000
100111101011010000
011101100111010000
111100010111010000
010111010111010000
110010110111010000
110011001111010000
111000101111010000
001110101111010000
011010011111010000
010100111111010000
100001111111010000
111010111000110000
101110110100110000
101111001100110000
011110101100110000
010101111100110000
111001110010110000
010111110010110000
110110101010110000
101011101010110000
101100111010110000
111010100110110000
100111100110110000
110101010110110000
011100110110110000
111000011110110000
100011011110110000
110111100001110000
101111010001110000
011110110001110000
001111101001110000
011011011001110000
110100111001110000
111100100101110000
110110010101110000
011101010101110000
110001110101110000
001011110101110000
010111001101110000
100011101101110000
101010011101110000
010010111101110000
101110100011110000
111010010011110000
011001101011110000
011100011011110000
101001011011110000
001010111011110000
010011100111110000
001110010111110000
001011001111110000
100100011111110000
010001011111110000
111111100100001000
101111011100001000
111001111100001000
010111111100001000
110111101010001000
111101011010001000
001111111010001000
111100110110001000
011011110110001000
011101101110001000
100011111110001000
011111110001001000
101111101001001000
111011011001001000
110110111001001000
110111010101001000
110011101101001000
111100011101001000
001110111101001000
100101111101001000
111110010011001000
101101110011001000
111001101011001000
100111011011001000
101010111011001000
010101111011001000
110101100111001000
001111100111001000
100110110111001000
101110001111001000
011011001111001000
010110101111001000
110010011111001000
001001111111001000
111111010000101000
101101111000101000
011110110100101000
111101001100101000
110010111100101000
001011111100101000
111011100010101000
011101110010101000
111010011010101000
100110111010101000
101101100110101000
101110010110101000
111001010110101000
110110001110101000
011010101110101000
000111101110101000
010011011110101000
001100111110101000
111110100001101000
111001110001101000
110101101001101000
011010111001101000
000111111001101000
111010010101101000
110100110101101000
010011110101101000
101011001101101000
100110011101101000
110001011101101000
101000111101101000
100111100011101000
110101010011101000
101011010011101000
001110110011101000
011110001011101000
001011101011101000
011001011011101000
110010100111101000
011001100111101000
011100010111101000
000111010111101000
100001110111101000
111000001111101000
001101001111101000
100100101111101000
001010011111101000
010000111111101000
111110101000011000
110101111000011000
101101110100011000
110011110100011000
011101011100011000
111011010010011000
100111110010011000
101111001010011000
010111011010011000
101001111010011000
111101000110011000
010111100110011000
001111010110011000
100101101110011000
110001011110011000
001010111110011000
111111000001011000
111010110001011000
101101011001011000
011100111001011000
001011111001011000
110110100101011000
101110010101011000
011011010101011000
010101110101011000
111001001101011000
100111001101011000
101100101101011000
010110011101011000
110000111101011000
111100100011011000
101011100011011000
011101010011011000
010011110011011000
110101001011011000
011010101011011000
111000011011011000
001110011011011000
100100111011011000
111010000111011000
100101010111011000
011100001111011000
100010101111011000
010001101111011000
101111100000111000
110110110000111000
011011110000111000
010111101000111000
111001011000111000
001111011000111000
111110000100111000
110101100100111000
101011010100111000
111000110100111000
000111110100111000
100110101100111000
001101101100111000
101100011100111000
011010011100111000
100001111100111000
110111000010111000
011110010010111000
101101010010111000
101010110010111000
011011001010111000
001110101010111000
110100011010111000
011000111010111000
000101111010111000
001011100110111000
110010010110111000
100100110110111000
010001110110111000
101010001110111000
010101001110111000
001001011110111000
010111010001111000
100101110001111000
110110001001111000
011101001001111000
100011011001111000
110011000101111000
101001100101111000
001100110101111000
100010110101111000
001110001101111000
010100101101111000
000101011101111000
111001000011111000
100110010011111000
001001110011111000
101100001011111000
000111001011111000
110000101011111000
110100000111111000
000101100111111000
101000010111111000
010010001111111000
100001001111111000
001000101111111000
111101011100000100
101110111100000100
110011111100000100
011111110010000100
111111001010000100
111010111010000100
100111111010000100
101111100110000100
111110010110000100
111001101110000100
010111101110000100
011100111110000100
001011111110000100
111111100001000100
101111011001000100
110101111001000100
011011110101000100
011110101101000100
000111111101000100
111011010011000100
111100110011000100
101110101011000100
110011101011000100
011110011011000100
001101111011000100
111101000111000100
001110110111000100
101001110111000100
111010001111000100
100101101111000100
010001111111000100
111101110000100100
001111111000100100
111110100100100100
010111110100100100
110111001100100100
011101101100100100
101011101100100100
011011011100100100
111000111100100100
110111100010100100
011011101010100100
110110011010100100
111001011010100100
101100110110100100
011001110110100100
100011110110100100
011110001110100100
101101001110100100
000111011110100100
010010111110100100
110111010001100100
011111001001100100
111100101001100100
100111101001100100
010110111001100100
110101100101100100
111001010101100100
011100110101100100
110010110101100100
101110001101100100
010011101101100100
010101011101100100
001010111101100100
111110000011100100
101101010011100100
011010110011100100
110001110011100100
000111110011100100
110101001011100100
101011001011100100
010011011011100100
101000111011100100
010111000111100100
001101100111100100
100110010111100100
001011010111100100
011001001111100100
110000101111100100
100001011111100100
000100111111100100
111011110000010100
011111101000010100
111110011000010100
111101100100010100
111010101100010100
100111011100010100
010110111100010100
101110110010010100
110011011010010100
001111011010010100
110100111010010100
011110100110010100
111000110110010100
110101001110010100
101100101110010100
100011101110010100
011001011110010100
000101111110010100
011101110001010100
111011001001010100
110010111001010100
001110111001010100
110110001101010100
011101001101010100
110001101101010100
111000011101010100
010011011101010100
111010100011010100
101101100011010100
100111010011010100
010110110011010100
010111001011010100
011100101011010100
101100011011010100
101110000111010100
011011000111010100
110001010111010100
001101010111010100
100100110111010100
000011110111010100
001001101111010100
000110011111010100
011111010000110100
101110101000110100
111001101000110100
101011011000110100
011100111000110100
110011100100110100
110100110100110100
011010110100110100
101001110100110100
111100001100110100
100101101100110100
110010011100110100
001101011100110100
000011111100110100
111100100010110100
110010110010110100
100101110010110100
011101001010110100
100111001010110100
011010011010110100
001001111010110100
101011000110110100
010101100110110100
010011001110110100
011000101110110100
010100011110110100
111101000001110100
101011100001110100
111000110001110100
100110110001110100
010011110001110100
011010101001110100
010101101001110100
110001011001110100
000111011001110100
111010000101110100
001111000101110100
101100010101110100
100011010101110100
000101110101110100
101001001101110100
001100101101110100
100000111101110100
110011000011110100
110100010011110100
011001010011110100
001100110011110100
111000001011110100
001110001011110100
000011101011110100
100010011011110100
010000111011110100
011100000111110100
000110100111110100
100001100111110100
010010010111110100
000101001111110100
001000011111110100
011111010100001100
100111110100001100
110110011100001100
011010111100001100
111101100010001100
110011110010001100
101011101010001100
101110011010001100
010110111010001100
011001111010001100
110101010110001100
101010110110001100
111100001110001100
100111001110001100
110010101110001100
001110101110001100
111101010001001100
110111001001001100
111010101001001100
011101101001001100
101100111001001100
010011111001001100
010111100101001100
110001110101001100
101101001101001100
100110101101001100
001011101101001100
101010011101001100
010100111101001100
101111000011001100
011110100011001100
001011110011001100
110100101011001100
000111101011001100
101001011011001100
110110000111001100
101100100111001100
111000010111001100
100011010111001100
010010110111001100
110001001111001100
011000101111001100
000101011111001100
100000111111001100
011111100000101100
101111001000101100
011101011000101100
111001100100101100
111100010100101100
110011010100101100
111010001100101100
101100101100101100
010110101100101100
001110011100101100
101001011100101100
000101111100101100
011011010010101100
100111010010101100
101001110010101100
010111001010101100
110001101010101100
001101101010101100
001010111010101100
011100100110101100
100110100110101100
010011100110101100
010110010110101100
001011001110101100
011000011110101100
100010011110101100
110011100001101100
011110010001101100
101010110001101100
010101110001101100
111001001001101100
001110101001101100
100101011001101100
110000111001101100
001001111001101100
011010100101101100
001101010101101100
011100001101101100
000111001101101100
010010011101101100
011101000011101100
111000100011101100
110010010011101100
100100110011101100
100110001011101100
010010101011101100
001110000111101100
100101000111101100
010001010111101100
001000110111101100
101111010000011100
010111110000011100
111101001000011100
110011101000011100
011011011000011100
101010111000011100
001101111000011100
110111000100011100
111001010100011100
001011110100011100
101110001100011100
011100101100011100
101001101100011100
000111101100011100
100100111100011100
011111000010011100
110110010010011100
011010110010011100
111000101010011100
100110101010011100
010101101010011100
011100011010011100
100101011010011100
000011111010011100
110100100110011100
101100010110011100
010011010110011100
000110110110011100
100001110110011100
010110001110011100
001101001110011100
010000111110011100
101110100001011100
011011100001011100
110100110001011100
100011110001011100
001111001001011100
010110101001011100
010101011001011100
111100000101011100
101011000101011100
001101100101011100
110010010101011100
000111010101011100
101000110101011100
011010001101011100
001100011101011100
100001011101011100
000010111101011100
101010010011011100
000101110011011100
011001001011011100
100011001011011100
010010011011011100
001000111011011100
010101000111011100
001010100111011100
101000001111011100
000100101111011100
111010100000111100
101100110000111100
110001110000111100
110100101000111100
001011101000111100
010010111000111100
101101000100111100
011011000100111100
001110100100111100
100110010100111100
100011001100111100
010001101100111100
101110000010111100
011001100010111100
100011100010111100
111000010010111100
010100110010111100
110010001010111100
000110011010111100
010001011010111100
100000111010111100
110001000110111100
000111000110111100
101000100110111100
001010010110111100
100100001110111100
000010101110111100
100111000001111100
011100100001111100
010011001001111100
100001101001111100
101000011001111100
000100111001111100
010110000101111100
100100100101111100
000011100101111100
011000010101111100
011010000011111100
100001010011111100
000010110011111100
010100001011111100
100010000111111100
001001000111111100
010000100111111100
000100010111111100
111011101010000010
111110011010000010
110101111010000010
111101001110000010
011110101110000010
010111011110000010
110010111110000010
011001111110000010
111111010001000010
110111101001000010
111100111001000010
001111111001000010
011111100101000010
100111110101000010
110110011101000010
011101011101000010
101001111101000010
010011111101000010
111010110011000010
010111110011000010
011111001011000010
110011011011000010
111011000111000010
101101100111000010
110101010111000010
011100110111000010
001011110111000010
100110101111000010
110001101111000010
001110011111000010
000101111111000010
011111110000100010
101111011000100010
110110111000100010
111111000100100010
010111101100100010
101100111100100010
011010111100100010
111011010010100010
110111001010100010
101010111010100010
001101111010100010
101011100110100010
001111010110100010
111000101110100010
100101101110100010
100110011110100010
110001011110100010
000011111110100010
110101110001100010
011101101001100010
011110011001100010
110011100101100010
101101010101100010
010111010101100010
011001110101100010
110101001101100010
001111001101100010
101010101101100010
110000111101100010
000110111101100010
101111000011100010
011110100011100010
101001110011100010
111001001011100010
101100101011100010
100011101011100010
000111011011100010
010100111011100010
011101000111100010
110100100111100010
010010110111100010
001000111111100010
111111001000010010
011110111000010010
110011111000010010
101111010100010010
111010110100010010
111001101100010010
000111111100010010
011111010010010010
110110110010010010
101101110010010010
101110101010010010
100111011010010010
111000111010010010
001011111010010010
111100100110010010
011011100110010010
110011010110010010
001110110110010010
010101110110010010
101011001110010010
001101101110010010
011100011110010010
100100111110010010
111110100001010010
011011110001010010
111010011001010010
100101111001010010
110111000101010010
110100110101010010
001101110101010010
011011001101010010
011100101101010010
110010101101010010
101100011101010010
111101000011010010
110011100011010010
101011010011010010
110100101011010010
101001101011010010
010110011011010010
001100111011010010
100010111011010010
010001111011010010
001111000111010010
101010100111010010
010110100111010010
100101001111010010
000011101111010010
110000011111010010
001001011111010010
111101010000110010
101011110000110010
011011101000110010
100111101000110010
110110100100110010
001111100100110010
011110010100110010
010011110100110010
111010001100110010
001011011100110010
100010111100110010
111110000010110010
110101100010110010
011010110010110010
101101001010110010
011100101010110010
110010011010110010
001110011010110010
011001011010110010
100001111010110010
111001000110110010
010111000110110010
101010010110110010
110000110110110010
001001110110110010
110100001110110010
001010101110110010
000101011110110010
011111000001110010
101101100001110010
110010110001110010
111100001001110010
101011001001110010
010110101001110010
110001101001110010
001101011001110010
011000111001110010
000011111001110010
101110000101110010
011010100101110010
010101100101110010
101000110101110010
100100101101110010
001001101101110010
010100011101110010
001011100011110010
101100010011110010
000110110011110010
100110001011110010
010011001011110010
000101101011110010
110010000111110010
001100100111110010
011000010111110010
100001010111110010
101000001111110010
010000101111110010
000010011111110010
111010111000001010
011101111000001010
100111111000001010
111110010100001010
110101110100001010
001111110100001010
011111001100001010
111100101100001010
110011011100001010
111111000010001010
011110110010001010
101011110010001010
110110100110001010
111001100110001010
011101010110001010
100111010110001010
111010001110001010
010011101110001010
110100011110001010
001011011110001010
111011100001001010
111101001001001010
101110011001001010
010111011001001010
110001111001001010
101111000101001010
101100110101001010
110010110101001010
011001101101001010
000111101101001010
011010011101001010
101110100011001010
111001010011001010
001111010011001010
101011001011001010
110010101011001010
100101101011001010
011100011011001010
111100000111001010
011010100111001010
100011100111001010
101010010111001010
010110010111001010
010001110111001010
001100101111001010
100001011111001010
000010111111001010
110111100000101010
111100110000101010
111011001000101010
110101011000101010
001110111000101010
011101100100101010
100110110100101010
101001110100101010
110001101100101010
101010011100101010
011001011100101010
000111011100101010
110110010010101010
100101110010101010
101100011010101010
100011011010101010
110000111010101010
110101000110101010
011011000110101010
001110100110101010
011000110110101010
011100001110101010
100010101110101010
001001101110101010
011101010001101010
110011010001101010
010110110001101010
100111001001101010
101001101001101010
010011101001101010
111000011001101010
001011011001101010
100100111001101010
111001000101101010
100101100101101010
001011100101101010
001110010101101010
010110001101101010
111010000011101010
010111000011101010
110001100011101010
001101100011101010
100010110011101010
110100001011101010
011000101011101010
000110101011101010
010010011011101010
000001111011101010
100110000111101010
101000100111101010
110000010111101010
000100110111101010
000011001111101010
001111101000011010
101100111000011010
111011000100011010
100111100100011010
010111010100011010
011100110100011010
101010101100011010
010101101100011010
111000011100011010
001110011100011010
100101011100011010
111010100010011010
101110010010011010
110101010010011010
011001110010011010
100011101010011010
011010011010011010
001101011010011010
010100111010011010
011110000110011010
101001010110011010
010010110110011010
101100001110011010
011001001110011010
110000101110011010
000110101110011010
100010011110011010
000001111110011010
011110010001011010
110011001001011010
111000101001011010
100110101001011010
110100011001011010
011001011001011010
010010111001011010
001110100101011010
010011100101011010
100011010101011010
001101001101011010
000100111101011010
100111000011011010
010101100011011010
110010010011011010
001010110011011010
100001110011011010
110001000111011010
100100100111011010
001001100111011010
001100010111011010
001010001111011010
011110100000111010
111010010000111010
100111010000111010
010101110000111010
101110001000111010
110010101000111010
011100011000111010
010011011000111010
001001111000111010
101100100100111010
110001010100111010
001101010100111010
001010110100111010
101001001100111010
011000101100111010
000011101100111010
011101000010111010
101001100010111010
000111100010111010
111000001010111010
010110001010111010
100100101010111010
010001101010111010
000010111010111010
010100100110111010
000110010110111010
010000011110111010
110101000001111010
011001100001111010
100011100001111010
101001010001111010
011010001001111010
001100101001111010
000110011001111010
011100000101111010
000111000101111010
110000100101111010
100100010101111010
000001110101111010
100010001101111010
010001001101111010
001000011101111010
001110000011111010
000011010011111010
010000110011111010
001001001011111010
000010100111111010
000100001111111010
110111010100000110
111100110100000110
101011110100000110
111010011100000110
100101111100000110
111110100010000110
101111010010000110
111001110010000110
001111101010000110
101100111010000110
010011111010000110
110101100110000110
100110110110000110
110110001110000110
011011001110000110
101010101110000110
001101011110000110
100011011110000110
011110110001000110
101101110001000110
111110001001000110
011001111001000110
110110100101000110
101110010101000110
010101110101000110
010111001101000110
110001011101000110
001011011101000110
001100111101000110
100010111101000110
101011100011000110
100111001011000110
011010101011000110
101010011011000110
010101011011000110
100001111011000110
011110000111000110
010011100111000110
110010010111000110
011001010111000110
000111010111000110
101001001111000110
111110010000100110
100111110000100110
011110101000100110
110101101000100110
110011011000100110
101101100100100110
011011100100100110
011101010100100110
001110110100100110
110001110100100110
111001001100100110
100110101100100110
010110011100100110
001001111100100110
111101000010100110
110100110010100110
001011110010100110
101110001010100110
101001101010100110
100101011010100110
011000111010100110
111010000110100110
100111000110100110
010110100110100110
101001010110100110
010011010110100110
000101110110100110
010101001110100110
001010011110100110
100000111110100110
111010100001100110
010111100001100110
001111010001100110
101101001001100110
110100011001100110
000101111001100110
111100000101100110
101011000101100110
011010010101100110
100100110101100110
000011110101100110
110010001101100110
010100101101100110
100001101101100110
101000011101100110
011011000011100110
100101100011100110
111000010011100110
010110010011100110
100011010011100110
011100001011100110
010001101011100110
001001011011100110
011000100111100110
001100010111100110
100100001111100110
000010101111100110
010000011111100110
110101110000010110
001111110000010110
111100101000010110
101011101000010110
111001011000010110
100110111000010110
111110000100010110
010111100100010110
101101001100010110
110011001100010110
001110101100010110
110100011100010110
101000111100010110
110111000010010110
111010010010010110
011100110010010110
100011110010010110
011110001010010110
011001101010010110
100101101010010110
011101000110010110
110010100110010110
010110010110010110
100101010110010110
001011010110010110
111000001110010110
000111001110010110
010100101110010110
000010111110010110
101111000001010110
111001100001010110
110110010001010110
101010110001010110
001101101001010110
010011101001010110
100011011001010110
010100111001010110
101100100101010110
001011100101010110
011000110101010110
000110110101010110
100001110101010110
101010001101010110
000101011101010110
100110100011010110
001110010011010110
010011010011010110
110000110011010110
001001110011010110
110010001011010110
001011001011010110
110100000111010110
100011000111010110
000101100111010110
101000010111010110
001100001111010110
010001001111010110
100000101111010110
011001110000110110
110110001000110110
001111001000110110
010101011000110110
110000111000110110
001010111000110110
110101000100110110
011100100100110110
101010100100110110
000111010100110110
010010101100110110
011000011100110110
100001011100110110
000100111100110110
100110010010110110
110001010010110110
001101010010110110
101000110010110110
000110101010110110
001110000110110110
100100100110110110
000011100110110110
100010001110110110
001001001110110110
110100100001110110
001110100001110110
011100010001110110
100101010001110110
011001001001110110
100010101001110110
010010011001110110
010011000101110110
110000010101110110
001001010101110110
101010000011110110
000111000011110110
010010100011110110
100001001011110110
001000101011110110
000100011011110110
101110101000001110
111001101000001110
010111101000001110
110100111000001110
001011111000001110
111101000100001110
011110100100001110
110011100100001110
011001110100001110
101011001100001110
001101101100001110
101100011100001110
010101011100001110
000110111100001110
011011100010001110
111100010010001110
101101001010001110
011100101010001110
100010111010001110
000101111010001110
010111000110001110
001110010110001110
010100110110001110
000011110110001110
100100101110001110
010010011110001110
111100100001001110
001111100001001110
101011010001001110
100110110001001110
011011001001001110
100011101001001110
110010011001001110
001101011001001110
111010000101001110
101001100101001110
011100010101001110
010011010101001110
001010110101001110
110100001101001110
001110001101001110
010010101101001110
000001111101001110
110101000011001110
011010010011001110
101000110011001110
111000001011001110
010110001011001110
001001101011001110
100100011011001110
000011011011001110
010000111011001110
001011000111001110
110000100111001110
000110100111001110
001000011111001110
101011100000101110
111001010000101110
010111010000101110
110010110000101110
001101110000101110
111100001000101110
011010011000101110
100110011000101110
101000111000101110
010001111000101110
101110000100101110
110100100100101110
000111100100101110
001011010100101110
100101001100101110
001010101100101110
110000011100101110
011110000010101110
110011000010101110
101100100010101110
010101100010101110
000110110010101110
011001001010101110
000011101010101110
010100011010101110
001101000110101110
100001100110101110
100100010110101110
101000001110101110
000110001110101110
010000101110101110
000001011110101110
101100010001101110
100001110001101110
101010001001101110
010101001001101110
000010111001101110
001100100101101110
100010100101101110
010001100101101110
001001001101101110
000100011101101110
101001000011101110
001010100011101110
000101010011101110
100000101011101110
010100000111101110
000010010111101110
011101010000011110
110011010000011110
101001110000011110
111010001000011110
100111001000011110
010110011000011110
011000111000011110
111000100100011110
011010010100011110
000101110100011110
001001011100011110
111001000010011110
010110100010011110
001101100010011110
000111010010011110
100100110010011110
110100001010011110
010011001010011110
101000011010011110
101010000110011110
010001100110011110
110000010110011110
001000110110011110
100001001110011110
010111000001011110
110010100001011110
100101100001011110
111000010001011110
001100110001011110
010001110001011110
011100001001011110
101001001001011110
001010011001011110
100000111001011110
100110000101011110
011001000101011110
000011001101011110
001000101101011110
010000011101011110
011000100011011110
000011100011011110
010100010011011110
000101001011011110
010010000111011110
000001010111011110
100110100000111110
010011100000111110
110100010000111110
001110010000111110
110001001000111110
110010000100111110
001001100100111110
101000010100111110
010000110100111110
010100001100111110
100000101100111110
000010011100111110
100101000010111110
001011000010111110
110000100010111110
010010010010111110
000001110010111110
001100001010111110
001101000001111110
101000100001111110
100010010001111110
100100001001111110
010000101001111110
000001011001111110
001010000101111110
100001000101111110
010001000011111110
000100100011111110
001000010011111110
000010001011111110
111101111000000001
111111010100000001
011110111100000001
101011111100000001
011111101010000001
110110111010000001
111101100110000001
101110110110000001
111110001110000001
110011011110000001
001111011110000001
111000111110000001
010101111110000001
111110011001000001
110111100101000001
001111110101000001
101110101101000001
101101011101000001
011011011101000001
111101010011000001
011110110011000001
110011110011000001
111011001011000001
110101101011000001
010111011011000001
101001111011000001
011111000111000001
110100110111000001
110010101111000001
011001101111000001
000111101111000001
011100011111000001
100110011111000001
001010111111000001
101110111000100001
111100110100100001
011111001100100001
111010101100100001
111001011100100001
111110100010100001
110101110010100001
011011110010100001
111001101010100001
000111111010100001
101111000110100001
010111010110100001
110010110110100001
110101001110100001
010110101110100001
001101101110100001
100011101110100001
101100011110100001
011110101001100001
101101101001100001
110011011001100001
001111011001100001
011001111001100001
011101100101100001
101110010101100001
011010110101100001
101001110101100001
111100001101100001
001011101101100001
010100111101100001
001111100011100001
100111010011100001
101010110011100001
100110101011100001
011010011011100001
110110000111100001
100101100111100001
011001010111100001
001100110111100001
000011110111100001
001110001111100001
010011001111100001
101000101111100001
000101011111100001
111011101000010001
111110100100010001
111001110100010001
111101001100010001
101110011100010001
010111011100010001
110010111100010001
100101111100010001
101111010010010001
111010110010010001
011110011010010001
110101011010010001
100011111010010001
111011000110010001
001111100110010001
011101010110010001
011100101110010001
101010101110010001
101111100001010001
011111010001010001
110110110001010001
110111001001010001
101011011001010001
011010111001010001
110001111001010001
001101111001010001
100111010101010001
011100110101010001
101010110101010001
111010001101010001
101001101101010001
000011111101010001
111001100011010001
010111100011010001
101101001011010001
001011101011010001
110010011011010001
011001011011010001
110101000111010001
011010100111010001
100011100111010001
001011010111010001
000110110111010001
010001110111010001
010110001111010001
100100101111010001
101000011111010001
111100101000110001
101001111000110001
110111000100110001
101101100100110001
111010010100110001
001111010100110001
010110110100110001
100011110100110001
011001101100110001
000111101100110001
110100011100110001
001100111100110001
111101000010110001
110011100010110001
110110010010110001
001110110010110001
101110001010110001
010111001010110001
100101101010110001
001101011010110001
010100111010110001
011110000110110001
110100100110110001
101000110110110001
000101110110110001
110010001110110001
101001001110110001
001010011110110001
111110000001110001
000111110001110001
111001001001110001
010011101001110001
101100011001110001
010101011001110001
100010111001110001
101011000101110001
110010100101110001
010011010101110001
100100110101110001
100110001101110001
001101001101110001
100001011101110001
011011000011110001
110001010011110001
010010110011110001
110100001011110001
100011001011110001
001100101011110001
000110011011110001
000001111011110001
111000000111110001
000111000111110001
001001100111110001
010100010111110001
100010010111110001
000010101111110001
110011111000001001
011101110100001001
111010011100001001
110101011100001001
101100111100001001
101111100010001001
011111010010001001
111010101010001001
011100111010001001
100101111010001001
011110100110001001
101101010110001001
010111001110001001
100110101110001001
110001101110001001
001011101110001001
011001011110001001
010010111110001001
101111010001001001
110101110001001001
010111101001001001
011101011001001001
111000111001001001
111011000101001001
110110001101001001
001111001101001001
011010101101001001
100010111101001001
010001111101001001
110110100011001001
011101100011001001
000111110011001001
001110101011001001
100011101011001001
101100011011001001
110001011011001001
100111000111001001
001110010111001001
010101010111001001
101000110111001001
111101100000101001
111010110000101001
010111110000101001
110110101000101001
001111101000101001
111100011000101001
011011011000101001
100111011000101001
011011100100101001
110110010100101001
110001110100101001
101110001100101001
110011001100101001
101001101100101001
010101101100101001
001101011100101001
011000111100101001
000110111100101001
110011010010101001
101100110010101001
101101001010101001
010011101010101001
001110011010101001
010101011010101001
111010000110101001
011101000110101001
010100110110101001
110000011110101001
000001111110101001
110111000001101001
011100110001101001
100110110001101001
001011110001101001
101010011001101001
100001111001101001
101101000101101001
101010100101101001
010110100101101001
100011010101101001
000101110101101001
011001001101101001
110000101101101001
001100101101101001
011010100011101001
101001100011101001
111000010011101001
001101010011101001
010001110011101001
000101101011101001
000011011011101001
001000111011101001
110001000111101001
001011000111101001
100100010111101001
010010010111101001
010100001111101001
100010001111101001
110111100000011001
111100110000011001
101011110000011001
101101101000011001
110110011000011001
101111000100011001
011110010100011001
100110110100011001
111000101100011001
100011101100011001
101001011100011001
010100111100011001
111110000010011001
011011100010011001
010110110010011001
011101001010011001
110011001010011001
110100101010011001
000111101010011001
001011011010011001
010001111010011001
110010100110011001
101001100110011001
101010010110011001
001100110110011001
000011110110011001
011010001110011001
000110011110011001
100000111110011001
011110100001011001
011001110001011001
111100001001011001
011011001001011001
110010101001011001
000111011001011001
010111000101011001
001011100101011001
111000010101011001
010010110101011001
100001110101011001
000110101101011001
100100011101011001
001010011101011001
001111000011011001
100101100011011001
011010010011011001
101001010011011001
110000110011011001
100110001011011001
101000101011011001
010100011011011001
000010111011011001
101100000111011001
011001000111011001
010100100111011001
110000001111011001
000101001111011001
011111000000111001
101110010000111001
110101010000111001
111010001000111001
110001101000111001
100100111000111001
000011111000111001
011100100100111001
001001110100111001
010110001100111001
001010101100111001
010001011100111001
101011000010111001
111000100010111001
010101100010111001
011001010010111001
100001110010111001
100010101010111001
001001101010111001
101000011010111001
010010011010111001
100101000110111001
010011000110111001
000110100110111001
010000101110111001
110100100001111001
001101100001111001
101000110001111001
011000101001111001
110000011001111001
001001011001111001
011010000101111001
010001100101111001
000110010101111001
101000001101111001
000011001101111001
000000111101111001
011100000011111001
110010000011111001
000011100011111001
000100110011111001
001010001011111001
010001001011111001
000001010111111001
101111110000000101
111011011000000101
111010110100000101
110101110100000101
100111101100000101
011001111100000101
111011100010000101
111100011010000101
001110111010000101
110001111010000101
110110100110000101
111001010110000101
100111010110000101
011101001110000101
101011001110000101
011010101110000101
010110011110000101
100010111110000101
111001110001000101
010111110001000101
111101001001000101
001111101001000101
101010111001000101
111110000101000101
101101100101000101
011101010101000101
101011010101000101
100110110101000101
110100101101000101
001110011101000101
010010111101000101
100001111101000101
100111100011000101
110110010011000101
001111010011000101
111000101011000101
010110101011000101
100011011011000101
100100111011000101
110001100111000101
001011100111000101
101100010111000101
010011010111000101
011000110111000101
000101110111000101
001100101111000101
001001011111000101
110011110000100101
111110001000100101
010111101000100101
110101011000100101
011010111000100101
111101000100100101
001011110100100101
001110101100100101
110001101100100101
011100011100100101
100011011100100101
011101100010100101
111000110010100101
100110110010100101
110011001010100101
110100101010100101
011011000110100101
101001100110100101
000111100110100101
110100010110100101
101010010110100101
001101010110100101
100110001110100101
010001011110100101
001000111110100101
101111000001100101
110110100001100101
111100010001100101
011011010001100101
001110110001100101
100101110001100101
100110011001100101
101001011001100101
000011111001100101
000111010101100101
010001110101100101
010110001101100101
100101001101100101
011000101101100101
100010101101100101
110000011101100101
111001000011100101
010011100011100101
101100001011100101
000111001011100101
001010101011100101
100001101011100101
010100011011100101
100011000111100101
100000110111100101
111111000000010101
011110110000010101
011101011000010101
101100111000010101
001011111000010101
101011100100010101
110110010100010101
101101010100010101
011011010100010101
000111110100010101
011110001100010101
001101101100010101
010011101100010101
110001011100010101
001101110010010101
011011001010010101
100110011010010101
101001011010010101
011000111010010101
111100000110010101
010111000110010101
011001100110010101
100101100110010101
010100110110010101
001010110110010101
110000101110010101
000110101110010101
001100011110010101
000011011110010101
110011100001010101
101110010001010101
110101010001010101
011001101001010101
100101101001010101
010110011001010101
111001000101010101
010110100101010101
001001110101010101
000111001101010101
001010101101010101
100010011101010101
011101000011010101
110100100011010101
001110100011010101
111000010011010101
100001110011010101
110001001011010101
100010101011010101
001010011011010101
110010000111010101
101000100111010101
011000001111010101
000000111111010101
110101100000110101
011011100000110101
111001010000110101
100111010000110101
101101001000110101
100011101000110101
001110011000110101
010011011000110101
000101111000110101
101110000100110101
111000100100110101
010101001100110101
101000011100110101
010000111100110101
111010000010110101
010110100010110101
101100010010110101
010101010010110101
001011010010110101
101000101010110101
010001101010110101
110000011010110101
000010111010110101
001100100110110101
100010100110110101
011000010110110101
000110010110110101
101100100001110101
110010010001110101
001101010001110101
010100110001110101
011100001001110101
101010001001110101
110000101001110101
000110101001110101
001000111001110101
110100000101110101
000010110101110101
000001101101110101
000100011101110101
100110000011110101
011000100011110101
000101100011110101
010010001011110101
001001001011110101
001010000111110101
010001000111110101
100000001111110101
110111010000001101
011011110000001101
111100101000001101
011110011000001101
101101011000001101
100110111000001101
010101111000001101
101110010100001101
010110110100001101
101001110100001101
011011001100001101
110000111100001101
010111100010001101
101011010010001101
110110001010001101
111001001010001101
001111001010001101
010011011010001101
101000111010001101
111000100110001101
100011100110001101
011100010110001101
110010010110001101
100100110110001101
010001110110001101
010100101110001101
001010011110001101
100001011110001101
011111000001001101
101011100001001101
001101110001001101
101110001001001101
110001101001001101
110100011001001101
001011011001001101
110101000101001101
110010100101001101
001110100101001101
011001100101001101
011010010101001101
000011110101001101
111000001101001101
000101101101001101
001000111101001101
111100000011001101
110011000011001101
011001010011001101
100101010011001101
010100110011001101
010101001011001101
000110011011001101
000001111011001101
101010000111001101
001101000111001101
100100001111001101
000011001111001101
010000011111001101
101110100000101101
001111010000101101
110100110000101101
100101101000101101
110010011000101101
001100111000101101
011110000100101101
101011000100101101
001101100100101101
011001010100101101
100101010100101101
100010110100101101
110100001100101101
000011101100101101
110010100010101101
001011100010101101
000101110010101101
011100001010101101
101010001010101101
100100011010101101
001001011010101101
010000111010101101
101100000110101101
000011010110101101
010010001110101101
000101001110101101
100000101110101101
111010000001101101
000111100001101101
110001010001101101
010010110001101101
001101001001101101
100011001001101101
101000101001101101
010100101001101101
011000011001101101
100110000101101101
010011000101101101
100001100101101101
010100010101101101
001010001101101101
000001011101101101
010110000011101101
001100100011101101
001010010011101101
110000001011101101
011000000111101101
000010100111101101
001111100000011101
110010110000011101
101011001000011101
010111001000011101
011010101000011101
111010000100011101
011101000100011101
101100100100011101
110001100100011101
100011010100011101
011000110100011101
100101001100011101
010010011100011101
000001111100011101
100111000010011101
101010100010011101
001110010010011101
110001010010011101
101100001010011101
100001101010011101
000100111010011101
001011000110011101
000101010110011101
100010001110011101
001000101110011101
110110000001011101
101101000001011101
111000100001011101
010101100001011101
011100010001011101
001010110001011101
001100101001011101
010000111001011101
010001010101011101
000100110101011101
010100001101011101
001001001101011101
100000101101011101
010010100011011101
001001100011011101
000011010011011101
100000011011011101
100001000111011101
001000010111011101
111100000000111101
110011000000111101
101001100000111101
011010010000111101
000110110000111101
100110001000111101
010100011000111101
100001011000111101
110000010100111101
001100010100111101
011000001100111101
000100101100111101
001101000010111101
100100100010111101
100010010010111101
001000110010111101
000011001010111101
010100000110111101
000001100110111101
000000011110111101
001110000001111101
011001000001111101
100010100001111101
100100010001111101
000001110001111101
000010011001111101
000101000101111101
001000100101111101
101000000011111101
000000101011111101
111011110000000011
111110101000000011
010111111000000011
101101110100000011
111011001100000011
011101101100000011
111100011100000011
100110111100000011
110001111100000011
111100110010000011
101111001010000011
011101011010000011
011010111010000011
111010100110000011
100111100110000011
110110010110000011
101011010110000011
010011110110000011
101001101110000011
100101011110000011
001100111110000011
011101110001000011
111001101001000011
110101011001000011
110010111001000011
111101000101000011
101011100101000011
110011010101000011
011110001101000011
100101101101000011
101010011101000011
000111011101000011
011000111101000011
011011010011000011
100110110011000011
011100101011000011
010011101011000011
111000011011000011
001110100111000011
010101100111000011
001101010111000011
101100001111000011
001011001111000011
010001011111000011
110111010000100011
111101001000100011
110011101000100011
111010011000100011
011100111000100011
100101111000100011
001011111000100011
011110100100100011
110101100100100011
101010110100100011
000111110100100011
110110001100100011
010101011100100011
011111000010100011
101101100010100011
101110010010100011
010110110010100011
100011110010100011
001110101010100011
010101101010100011
110100011010100011
010011011010100011
110011000110100011
011010010110100011
100100110110100011
101010001110100011
000111001110100011
001001011110100011
010000111110100011
111001010001100011
010011110001100011
101110001001100011
011011001001100011
110100101001100011
000111101001100011
101000111001100011
111010000101100011
100111000101100011
101100100101100011
011100010101100011
001011010101100011
101001001101100011
010001101101100011
100100011101100011
010010011101100011
111100000011100011
110010010011100011
011000110011100011
000101110011100011
010110001011100011
100101001011100011
001001101011100011
001100011011100011
000010111011100011
100010100111100011
101000010111100011
000110010111100011
110000001111100011
000100101111100011
100111110000010011
110100111000010011
101010111000010011
011001111000010011
011111000100010011
110101010100010011
001011110100010011
011010101100010011
001101011100010011
100011011100010011
011110100010010011
101011100010010011
110001110010010011
110110001010010011
101100011010010011
000101111010010011
101101000110010011
000111010110010011
011000110110010011
100010110110010011
001110001110010011
010001101110010011
111011000001010011
110101100001010011
101101010001010011
111000110001010011
001110110001010011
101100101001010011
100011101001010011
011100011001010011
100110011001010011
010011011001010011
100110100101010011
011001100101010011
011010010101010011
110100001101010011
100000111101010011
101110000011010011
001101100011010011
010100110011010011
000011110011010011
011010001011010011
010101001011010011
000110101011010011
100001011011010011
010011000111010011
110000100111010011
100010001111010011
001000101111010011
000100011111010011
101111000000110011
111001100000110011
010111100000110011
011011010000110011
101100110000110011
011110001000110011
001101101000110011
110001011000110011
000111011000110011
010010111000110011
111100000100110011
100110010100110011
101001010100110011
100101001100110011
010011001100110011
010100101100110011
000001111100110011
111000010010110011
100101010010110011
110000101010110011
000011101010110011
001000111010110011
001011000110110011
010010100110110011
100001100110110011
001100010110110011
010001010110110011
011000001110110011
100000011110110011
011100100001110011
101010100001110011
110100010001110011
100011010001110011
001001110001110011
010110000101110011
110001000101110011
000011100101110011
000101010101110011
010000110101110011
001010001101110011
101001000011110011
010001100011110011
100000110011110011
010000011011110011
100100000111110011
011111100000001011
110110110000001011
110101101000001011
101011101000001011
001111011000001011
110111000100001011
111000110100001011
100011110100001011
101101001100001011
110010101100001011
001110101100001011
010110011100001011
000101111100001011
110011100010001011
111010010010001011
010101110010001011
111100001010001011
011011001010001011
010110101010001011
001101101010001011
101001011010001011
000011111010001011
001111000110001011
101100100110001011
110001010110001011
000110110110001011
001001110110001011
100011001110001011
011000101110001011
100111100001001011
111100010001001011
101010110001001011
111010001001001011
100011011001001011
000110111001001011
110001100101001011
001101100101001011
100110010101001011
101001010101001011
010011001101001011
101000101101001011
010100101101001011
001100011101001011
011110000011001011
101101000011001011
111000100011001011
001011100011001011
001100110011001011
010010110011001011
001010011011001011
000101011011001011
100000111011001011
110010000111001011
011000010111001011
000011010111001011
000110001111001011
000001101111001011
111110000000101011
011001110000101011
010111001000101011
101100101000101011
011010101000101011
100010111000101011
001100110100101011
010010110100101011
111000001100101011
001011001100101011
100001011100101011
100111000010101011
011100100010101011
101010100010101011
001011010010101011
110010001010101011
000100111010101011
101001000110101011
110000100110101011
000011100110101011
100010010110101011
000101010110101011
100100001110101011
010001001110101011
101011000001101011
110010100001101011
001110100001101011
011010010001101011
000111010001101011
011100001001101011
110001001001101011
010000111001101011
110100000101101011
011000100101101011
010001010101101011
100000110101101011
000101001101101011
011001000011101011
100100100011101011
010100010011101011
100001010011101011
101000001011101011
001100000111101011
000000011111101011
101110100000011011
111001010000011011
011010110000011011
001101110000011011
011100101000011011
010011101000011011
100001111000011011
010110100100011011
101100010100011011
110010010100011011
010001110100011011
110001001100011011
000111001100011011
100100101100011011
001001101100011011
000010111100011011
010111000010011011
011100010010011011
100011010010011011
101000110010011011
101010001010011011
100101001010011011
110000011010011011
111000000110011011
100110000110011011
001010100110011011
010100001110011011
001000011110011011
011101000001011011
101001100001011011
001011010001011011
100100110001011011
010110001001011011
001010101001011011
000101101001011011
101000011001011011
100101000101011011
010100010101011011
001000110101011011
011000001101011011
000001011101011011
110100000011011011
100010100011011011
000110010011011011
010001010011011011
001100001011011011
000011001011011011
100000010111011011
100101100000111011
010110010000111011
110100001000111011
011001001000111011
100011001000111011
000110101000111011
001010011000111011
001110000100111011
010101000100111011
100010100100111011
011000010100111011
000011010100111011
000100011100111011
101100000010111011
011010000010111011
110001000010111011
000001011010111011
000000110110111011
000010001110111011
111000000001111011
100110000001111011
010011000001111011
001100010001111011
000010110001111011
100000101001111011
001001000101111011
000100100101111011
000101000011111011
001000100011111011
010000000111111011
110111100000000111
111101010000000111
011011101000000111
110110011000000111
111000111000000111
001101111000000111
100011111000000111
111001100100000111
011110010100000111
110101001100000111
001111001100000111
101100101100000111
010110101100000111
010011011100000111
001010111100000111
110011010010000111
101010110010000111
100101110010000111
111010001010000111
010111001010000111
100110101010000111
001011011010000111
010100111010000111
001101100110000111
110000110110000111
011000011110000111
101110100001000111
111010010001000111
100111010001000111
110100110001000111
001011110001000111
101011001001000111
010101101001000111
101100011001000111
011011000101000111
011100100101000111
000111100101000111
101000110101000111
100110001101000111
001001101101000111
010100011101000111
110010100011000111
011100010011000111
101001010011000111
010001110011000111
110100001011000111
001110001011000111
011001001011000111
010010011011000111
001000111011000111
111000000111000111
100100100111000111
001010010111000111
000101001111000111
010000101111000111
100000011111000111
001111100000100111
101001110000100111
010101110000100111
101010101000100111
000110111000100111
010111000100100111
100011100100100111
101100010100100111
011000110100100111
011010001100100111
000101101100100111
110110000010100111
101011000010100111
011010100010100111
110001100010100111
011001010010100111
000111010010100111
001100110010100111
001101001010100111
101000011010100111
000001111010100111
011100000110100111
000010110110100111
100001001110100111
000100011110100111
011110000001100111
110011000001100111
011001100001100111
100010110001100111
111000001001100111
001100101001100111
010010101001100111
001010011001100111
110000100101100111
001010100101100111
100001010101100111
000011001101100111
000000111101100111
010101000011100111
101000100011100111
000110100011100111
100010001011100111
010010000111100111
000001100111100111
001000001111100111
101101100000010111
101011010000010111
010111010000010111
101110001000010111
110001101000010111
000111101000010111
011010011000010111
100101011000010111
100111000100010111
110100100100010111
111000010100010111
010010110100010111
011001001100010111
100010101100010111
000110011100010111
001111000010010111
111000100010010111
010101100010010111
110100010010010111
000110110010010111
100011001010010111
001100101010010111
010010101010010111
010001011010010111
011010000110010111
110001000110010111
000001110110010111
100100001110010111
111100000001010111
011001010001010111
000101110001010111
110000011001010111
000010111001010111
001110000101010111
010101000101010111
100100010101010111
010010001101010111
100001001101010111
000100101101010111
001000011101010111
010110000011010111
100101000011010111
100010010011010111
101000001011010111
000001101011010111
001001000111010111
000010100111010111
010000010111010111
011101000000110111
110010100000110111
000011110000110111
011000101000110111
100100101000110111
100010011000110111
001001011000110111
000110100100110111
010001100100110111
010100010100110111
001010010100110111
100000110100110111
110000001100110111
001100001100110111
010011000010110111
001001100010110111
010000110010110111
001010001010110111
101000000110110111
000101000110110111
000000101110110111
001011000001110111
101000010001110111
000110010001110111
000101001001110111
011000000101110111
100010000101110111
110000000011110111
001100000011110111
000001010011110111
101111000000001111
111010100000001111
101100110000001111
110001110000001111
000111110000001111
110011001000001111
101010011000001111
011001011000001111
100110100100001111
010101100100001111
001011100100001111
110100010100001111
001101010100001111
100001101100001111
011101000010001111
110100100010001111
001110100010001111
101001100010001111
010110010010001111
011000110010001111
010001101010001111
001100011010001111
100101000110001111
010010100110001111
101000010110001111
110000001110001111
001001001110001111
000000111110001111
010011100001001111
010101010001001111
000111001001001111
011000101001001111
101100000101001111
010110000101001111
100011000101001111
010000110101001111
000010011101001111
100110000011001111
000101100011001111
110000010011001111
100001001011001111
000010101011001111
010001000111001111
000100010111001111
011011000000101111
010110100000101111
011100010000101111
100011010000101111
001010110000101111
001110001000101111
101001001000101111
110000101000101111
000101011000101111
110001000100101111
101000100100101111
000110010100101111
100010001100101111
001000011100101111
111000000010101111
100000110010101111
001000101010101111
000010011010101111
001010000110101111
000100100110101111
010000010110101111
100101000001101111
001001010001101111
000100110001101111
000001101001101111
100000011001101111
010000001101101111
010000100011101111
000100001011101111
100000000111101111
011110000000011111
110101000000011111
011001100000011111
100011100000011111
100110010000011111
010100110000011111
001101001000011111
101000101000011111
000011011000011111
101001000100011111
010011000100011111
001010001100011111
010000101100011111
100000011100011111
011000001010011111
000110001010011111
001100000110011111
100000100110011111
000010010110011111
000110100001011111
010010010001011111
100001010001011111
100010001001011111
010001001001011111
000100011001011111
110000000101011111
000001100101011111
001010000011011111
000000110011011111
000000001111011111
101010000000111111
000111000000111111
001100100000111111
010001010000111111
010010001000111111
000000111000111111
000001001100111111
000010100010111111
000100010010111111
100000001010111111
010100000001111111
000000010101111111
