011110000011
011011100100
101101011000
010001110110
010100001111
101010011101
001001100101
000010111111
111100110000
001100011110
010011101010
011111000010
101110010010
000100111101
010011000101
110010011011
100011000011
101111100000
100111010100
110111001000
011100101001
000111011010
010111110000
010011011100
111110000100
001001101110
011101010100
011101101000
100011110010
110110100010
101100000111
111100001010
111011010000
011000111101
001110101010
100110111000
101100011001
111001001100
110011000110
100100110110
111001100010
000111100110
101011001010
111001000001
010110110001
110110001001
111010111110
101110100001
000101111100
011010110011
000101000001
010110010110
011100100110
101000111011
010110101100
010001011001
110001111000
101100101100
011110011000
001110001101
001111001100
000011101001
110000101111
100101101010
000001010111
011100010101
010100111010
000110100111
010101001110
100110010101
100011101100
100100101011
001011010001
110101100100
110101010010
001110110100
100001001101
000110011011
001101110010
110010110101
101101000110
110100010011
111010101001
110100100101
001011010110
101001110100
011010001111
101010100111
001011111000
111000010111
011001011010
100001011110
001001001011
100110001110
110100011100
100001110001
001100110011
010001100011
