11111100000000
10101011000000
01011011000000
01100111000000
10010111000000
10110010100000
11011010100000
11100110100000
10001110100000
01110001100000
11101001100000
11010101100000
01001101100000
00111111100000
01110010010000
11101010010000
11010110010000
01001110010000
10110001010000
11011001010000
11100101010000
10001101010000
00111111010000
10101000110000
01011000110000
01100100110000
10010100110000
00111110110000
00111101110000
11000011110000
00111011110000
00110111110000
00101111110000
00011111110000
11100010001000
01111010001000
10110110001000
00101110001000
11010001001000
10111001001000
01110101001000
00011101001000
11001111001000
11001000101000
00111000101000
01101100101000
10011100101000
01010110101000
10100101101000
01100011101000
10010011101000
00001011101000
11000100011000
00110100011000
10101100011000
01011100011000
10011010011000
01101001011000
10100011011000
01010011011000
00000111011000
11110000111000
00100010111000
01001010111000
10000110111000
00010001111000
10001001111000
01000101111000
11010010000100
10111010000100
01110110000100
00011110000100
11100001000100
01111001000100
10110101000100
00101101000100
11001111000100
11000100100100
00110100100100
10101100100100
01011100100100
01101010100100
10011001100100
10100011100100
01010011100100
00000111100100
11001000010100
00111000010100
01101100010100
10011100010100
10100110010100
01010101010100
01100011010100
10010011010100
00001011010100
11110000110100
00010010110100
10001010110100
01000110110100
00100001110100
01001001110100
10000101110100
10101000001100
01011000001100
01100100001100
10010100001100
11001110001100
11001101001100
00110011001100
11001011001100
11000111001100
10001111001100
01001111001100
11110000101100
10000010101100
00011010101100
00100110101100
01000001101100
00101001101100
00010101101100
11110000011100
01000010011100
00101010011100
00010110011100
10000001011100
00011001011100
00100101011100
11100000111100
11010000111100
10110000111100
01110000111100
00001100111100
11001010000010
00111010000010
01101110000010
10011110000010
11000101000010
00110101000010
10101101000010
01011101000010
11110011000010
11100000100010
01111000100010
10110100100010
00101100100010
01010110100010
10011001100010
00100011100010
01001011100010
10000111100010
11010000010010
10111000010010
01110100010010
00011100010010
10100110010010
01101001010010
00010011010010
10001011010010
01000111010010
11001100110010
01100010110010
10010010110010
00001010110010
10100001110010
01010001110010
00000101110010
10110000001010
11011000001010
11100100001010
10001100001010
01010110001010
01101001001010
10000011001010
00011011001010
00100111001010
01010100101010
01010010101010
10101010101010
01000110101010
00010110101010
11000001101010
00110001101010
00001101101010
01101000011010
11000010011010
00110010011010
00001110011010
01100001011010
01001001011010
00101001011010
10010101011010
10000000111010
00011000111010
00100100111010
01110000000110
11101000000110
11010100000110
01001100000110
10100110000110
10011001000110
01000011000110
00101011000110
00010111000110
10011000100110
11000010100110
00110010100110
00001110100110
10010001100110
10001001100110
00011001100110
01100101100110
10100100010110
10100010010110
01011010010110
10000110010110
00100110010110
11000001010110
00110001010110
00001101010110
01000000110110
00101000110110
00010100110110
00111100001110
01100010001110
10010010001110
00001010001110
10100001001110
01010001001110
00000101001110
00100000101110
01001000101110
10000100101110
00010000011110
10001000011110
01000100011110
00000011111110
11000110000001
00110110000001
10101110000001
01011110000001
11001001000001
00111001000001
01101101000001
10011101000001
11110011000001
11010000100001
10111000100001
01110100100001
00011100100001
01101010100001
10100101100001
00010011100001
10001011100001
01000111100001
11100000010001
01111000010001
10110100010001
00101100010001
10011010010001
01010101010001
00100011010001
01001011010001
10000111010001
11001100110001
10100010110001
01010010110001
00000110110001
01100001110001
10010001110001
00001001110001
01110000001001
11101000001001
11010100001001
01001100001001
10011010001001
10100101001001
01000011001001
00101011001001
00010111001001
10100100101001
11000010101001
00110010101001
00001110101001
10100001101001
01011001101001
10000101101001
00100101101001
10011000011001
10010010011001
10001010011001
00011010011001
01100110011001
11000001011001
00110001011001
00001101011001
01000000111001
00101000111001
00010100111001
10110000000101
11011000000101
11100100000101
10001100000101
01101010000101
01010101000101
10000011000101
00011011000101
00100111000101
01101000100101
01100010100101
01001010100101
00101010100101
10010110100101
11000001100101
00110001100101
00001101100101
01010100010101
11000010010101
00110010010101
00001110010101
01010001010101
10101001010101
01000101010101
00010101010101
10000000110101
00011000110101
00100100110101
00111100001101
10100010001101
01010010001101
00000110001101
01100001001101
10010001001101
00001001001101
00010000101101
10001000101101
01000100101101
00100000011101
01001000011101
10000100011101
00000011111101
10101000000011
01011000000011
01100100000011
10010100000011
11110010000011
11110001000011
11100011000011
11010011000011
10110011000011
01110011000011
00001111000011
11001100100011
10000010100011
00011010100011
00100110100011
01000001100011
00101001100011
00010101100011
11001100010011
01000010010011
00101010010011
00010110010011
10000001010011
00011001010011
00100101010011
00110000110011
11001000110011
11000100110011
10001100110011
01001100110011
00111100001011
00100010001011
01001010001011
10000110001011
00010001001011
10001001001011
01000101001011
01100000101011
10010000101011
00001000101011
10100000011011
01010000011011
00000100011011
00000011111011
00111100000111
00010010000111
10001010000111
01000110000111
00100001000111
01001001000111
10000101000111
10100000100111
01010000100111
00000100100111
01100000010111
10010000010111
00001000010111
00000011110111
11000000001111
00111000001111
00110100001111
00101100001111
00011100001111
00000011101111
00000011011111
00000010111111
00000001111111
