111111000000
011111100000
110111010000
111100110000
111011110000
100111110000
001111110000
110111001000
111110101000
101101101000
110011101000
011011101000
011110011000
111001011000
101111011000
101010111000
110110111000
110101111000
011101111000
010011111000
000111111000
111110000100
111010100100
110101100100
011011100100
101111100100
111010010100
111101010100
101011010100
100111010100
011111010100
010110110100
101110110100
101001110100
011001110100
001101110100
110011110100
111010001100
111101001100
110011001100
001111001100
011100101100
100110101100
111001101100
101011101100
010111101100
101100011100
110110011100
010101011100
100011011100
011011011100
110000111100
111100111100
011010111100
001110111100
001001111100
100101111100
000011111100
011111000010
110110100010
111101100010
101011100010
111110010010
101101010010
011101010010
111011010010
100111010010
011010110010
101110110010
110001110010
001101110010
010111110010
101110001010
110101001010
011101001010
111011001010
111000101010
011110101010
010101101010
010011101010
100111101010
001111101010
111100011010
110010011010
100101011010
001011011010
010111011010
100100111010
010100111010
001100111010
111010111010
000110111010
101001111010
011001111010
100011111010
111010000110
111001000110
011101000110
110111000110
101111000110
101100100110
011110100110
011001100110
110011100110
000111100110
110100010110
001110010110
101001010110
010011010110
111000110110
011100110110
100010110110
110110110110
100101110110
010101110110
001011110110
111100001110
010110001110
101001001110
100101001110
100011001110
011011001110
110100101110
110010101110
001010101110
101110101110
100001101110
010001101110
001101101110
011000011110
101010011110
100110011110
011110011110
110001011110
001101011110
000111011110
101000111110
000100111110
010010111110
000001111110
111110000001
101110100001
111001100001
110111100001
001111100001
101110010001
111101010001
011011010001
100111010001
110010110001
011110110001
010101110001
101101110001
101011110001
111100001001
110101001001
101011001001
011111001001
110100101001
111010101001
010110101001
001110101001
011101101001
010011101001
100111101001
110100011001
111010011001
100110011001
001101011001
110011011001
010111011001
011000111001
101100111001
000110111001
100001111001
111001111001
001011111001
101101000101
111011000101
010111000101
111100100101
011010100101
110110100101
001110100101
011101100101
100011100101
011100010101
101010010101
110110010101
110001010101
001111010101
111000110101
100100110101
001010110101
001001110101
110101110101
010011110101
000111110101
110100001101
110010001101
101110001101
011110001101
011001001101
100111001101
101000101101
010010101101
110001101101
000101101101
101101101101
001011101101
111000011101
010010011101
001010011101
000110011101
101001011101
100101011101
011101011101
000011011101
010100111101
001100111101
100010111101
010001111101
111100000011
011101000011
110011000011
101111000011
011100100011
111010100011
001110100011
100101100011
011011100011
010111100011
111000010011
101010010011
010110010011
101001010011
110101010011
001111010011
101000110011
110100110011
001100110011
100110110011
011001110011
000011110011
110011110011
011010001011
110110001011
111001001011
101101001011
000111001011
010100101011
101100101011
100010101011
110001101011
001001101011
101011101011
101000011011
100100011011
011100011011
001110011011
010001011011
100011011011
011011011011
110000111011
010010111011
001010111011
000101111011
111000000111
100110000111
011110000111
110101000111
001011000111
110000100111
010100100111
010010100111
101010100111
010001100111
101001100111
001101100111
100111100111
101100010111
110010010111
011010010111
011001010111
000101010111
100011010111
010111010111
010000110111
001000110111
000110110111
100001110111
110000001111
001100001111
101010001111
100001001111
010101001111
010011001111
001111001111
011000101111
100100101111
000110101111
000011101111
100000011111
010100011111
000010011111
001001011111
000000111111
