1011010010100
1010010110001
0110011010001
1100110101100
1001111001010
1110010011001
1000101011110
1001011100100
1011100101001
0111011011000
0001110010110
0101000010111
1000011010101
1101001011000
1110011100001
0010101011001
0001101001111
1100110011010
0110111101000
1101100001110
1000011100011
1000011101101
1010001110100
0111000001110
1101111001000
0110110000110
1100101111000
0001001100111
0000111110001
1010011110010
1101000100011
1010001011000
1100010111000
1010111100000
1011010001001
1100100011100
0010111101001
1100101101010
1100001010011
0001010111010
0110001111001
0111100010100
0011101001011
1011001011010
1010100011001
1001110000101
1110010000011
0101101000110
1000110010011
0101101010001
0101101101000
0100111101001
0100100110110
0100011011101
1000010011101
1111001010001
0101010100110
1000101110010
1000010101011
0000101010111
0000011110110
0000110100111
0111100001001
0111001101001
0011011000110
1100110100010
0110101110000
1001010000111
0100110101010
1110001001101
0001100011101
0011011110000
0011110100100
1001010110010
1000011011010
1110100001010
0110011100010
1101000111010
1001100010101
1011001001100
1001111010000
1110001100101
0101011100001
1001110100001
0101111001011
1000001001111
0111001000011
1101011101010
1010101111100
1111010100000
1010001111101
0010110001101
1001101001100
1010000001111
0011001111001
0000110111100
1010110001011
1011000100101
0101001111001
0001101110100
1010010101101
0110010110100
1001100100110
0001011101110
0110001010110
1010001101011
0011101100001
1101010010001
1011001100010
0011011101100
1010000111100
1001100110100
1010110101000
0010111101010
1101011000010
0001111101100
1011010001110
1100000101110
1011100011010
0100010101101
1001011001011
1101100011001
0101000111100
0010001101111
0010100101011
1010100100011
0011110010001
0110010001011
1101101001001
1010111010010
1011111011000
1011101101000
1000101100101
1100100000111
1100000011011
1000011111100
1001011101001
1011000011101
1000101111101
1110100100100
1101010001010
0010111010100
0111010000101
0100010110011
1011000010011
1001001110001
1010001000111
1110010001100
1001001111100
1010101010001
0011001001111
1110101100001
1101101100000
0010100011110
1111000001011
0100001011011
1000100111010
1111001010100
0011000110110
1010110000101
1101110000100
0100001110101
0011000011011
1000111000110
0000101111011
0111011001010
1100001111100
0110101001010
1100111001010
1100101001011
1101101001010
1100001111010
1001110100010
0000101101101
0001010001111
1101010101001
0100100001111
1011000101010
0101001101110
1010010100110
1000000110111
0010011011110
0001110101001
0001111100010
0110001001111
1100101010100
1001100001011
0100101100011
1010001011111
0111101001100
1011100001100
0010101001111
1110010101010
0010101111010
1110011010010
1010110011100
1000100011111
1110000011110
0000111011101
0011010011100
0111111000000
1100001101001
0110001101110
0111100100010
0011101011100
0010010101110
1011011000001
1111101010000
0001101111010
1001011001101
1110000110010
1010011101000
0010110110010
1010000111011
0010010111001
1111001110000
0011101010010
0110100010011
0010011100101
1100100110001
1001011011001
0100001101111
0001001111011
1111000101100
0101100011010
0101110110000
1011111000100
0001100101110
0110110011000
0110110100001
1111000000110
1110000101001
1101011001001
0100010011110
1100000110101
0111010010010
1110100111000
0001010110101
1100010100101
1101001001011
1010010011010
1111000011000
0000111111010
0011100111000
0100111010010
1111100000001
1101000110100
0111000110001
0100110010101
0011000101101
0001111011000
0001101111001
0110011001100
1001101000011
1100100101011
0100111100100
1101000001101
1001001010110
0110101011100
0011001101010
1001011011100
1101001000101
1011010111000
0010111101100
1100010010110
1100101101100
0110111001001
0011010100011
1000100101101
1001010010011
0110000100111
0010111111000
1010011001111
0100111011100
0111001011010
0011110001010
0101001110010
0100011111000
1010011001010
1111110001000
1000111101000
1000001111110
1001001011101
0101100100101
1110001100011
1110100001101
1001011111000
0101110000011
0100101011101
0000000111111
1100111001101
1000111001011
1110001101000
1110110010000
1110011011000
0101011011010
1111001001000
1001010101100
0101101011100
0101110001100
1100001011110
1001000011110
1010100010110
1110000010101
1110011000100
1011101000101
0110100101100
1100110001001
1000110110001
1101100010010
0001111000101
0000011101011
1011011010010
1000010111110
1101010011100
0100011000111
0010010010111
1011101100100
1011100110000
0011001010101
1001101011011
0110101000101
1011101000110
1001101101011
0000011011111
0010100110101
0110000011101
0111001100100
1010001001110
1101100101000
1100111011001
0001100110011
1011110000010
1100011001011
1001111001001
0001001011110
1100111000001
1100101011010
0110000111010
1000011111001
0101000101011
1010100101110
0011011001001
1001110011000
0000110011011
0100011101110
0111010101000
1100001100110
1001000100111
0010001110011
0010101100110
0010011011101
1100010001111
0101011101100
0000111001110
0101010011001
1110101000010
1010111001100
0010001111100
0010011011011
1000110001110
0100100111001
0010111000011
1100101001110
1000101101110
1001001101101
0101001001101
1101011001110
1001000111001
1000110110100
0011100000111
1110001011011
1100011110000
1010101001001
0101011010100
0011111101000
0001011010011
