11101111011100000000
11011101110110000000
01110111101110000000
11111010111110000000
11110111111001000000
11101011101101000000
11111101100011000000
01101110111011000000
10110111010111000000
00111011110111000000
10011111101111000000
01111101011111000000
10011011011111000000
11000110111111000000
11111100110100100000
01111011111100100000
10011111111100100000
11001111011010100000
10110011111010100000
10101111100110100000
11101001110110100000
01110101110110100000
10111100011110100000
01111110110001100000
10101101111001100000
11011111000101100000
11110110101101100000
00110111011101100000
11010001111101100000
10110111001011100000
01011011101011100000
11111010011011100000
00011101111011100000
11110011100111100000
11011010110111100000
01001111110111100000
11101100101111100000
00111110101111100000
01001101101111100000
10010110011111100000
01100011011111100000
10111111110100010000
01111110011010010000
11101001111010010000
11101110100110010000
11110001110110010000
11010011011110010000
10110110111110010000
00111101111110010000
01001111111110010000
10111110101001010000
11001111100101010000
11111100010101010000
11101010110101010000
10101101101101010000
01100111101101010000
11110010011101010000
01011001111101010000
11111011000011010000
01010111110011010000
10011111011011010000
01110100111011010000
00111010111011010000
11100011110111010000
01011110001111010000
11111000101111010000
11010101101111010000
10100101011111010000
10001011111111010000
11011111100000110000
00111111011000110000
11101110111000110000
11110101111000110000
11111110001100110000
01010110111100110000
10101001111100110000
01101111100010110000
11011101010010110000
10011110110010110000
11010011110010110000
10111101101010110000
11100111000110110000
11001110010110110000
01111011010110110000
11101001001110110000
11010010101110110000
00011011101110110000
01101000111110110000
11000001111110110000
11110111010001110000
10111011110001110000
11101011001001110000
11011000111001110000
11011100100101110000
01011011100101110000
10010111100101110000
11100100110101110000
00101101110101110000
11110001001101110000
01111101001101110000
10011001011101110000
11000111011101110000
00001110111101110000
11101100100011110000
10011011100011110000
10101110010011110000
01111001110011110000
11110100001011110000
11000111101011110000
01101101011011110000
11100010111011110000
00100111111011110000
10111101000111110000
01110110010111110000
00011111010111110000
10110000110111110000
00100110110111110000
10101010001111110000
01001011001111110000
00110001101111110000
11001100011111110000
11111101111000001000
11011011111000001000
11111111100100001000
10110011111100001000
11111011011010001000
01011111111010001000
11110110010110001000
10111100101110001000
11001011101110001000
11011100011110001000
11011110101001001000
10101111011001001000
11100111010101001000
10011011110101001000
00111111001101001000
11101100011101001000
01110100111101001000
01110111010011001000
11001111110011001000
11100011101011001000
01111000111011001000
10010101111011001000
11010111000111001000
10101011100111001000
11110001010111001000
10111000110111001000
11101010001111001000
01101001101111001000
01011011011111001000
00011110111111001000
00100111111111001000
10101111101000101000
01011111010100101000
11110111001100101000
11011001101100101000
11001110111100101000
11111001100010101000
10111111010010101000
01100111110010101000
01111110001010101000
11010111101010101000
01110101011010101000
10011100111010101000
01010110110110101000
00110011110110101000
01111001001110101000
10110001101110101000
11100101011110101000
10010011011110101000
00101100111110101000
10100010111110101000
01111101100001101000
11011110010001101000
11110010110001101000
10101110110001101000
11111001011001101000
00101011111001101000
10000111111001101000
11001011010101101000
10110101110101101000
11100101101101101000
01001111101101101000
00111010011101101000
00011101011101101000
11101101000011101000
11110100100011101000
10011101100011101000
10111010101011101000
11100110011011101000
11001000111011101000
01110001111011101000
00101111000111101000
10001110100111101000
01111100010111101000
01101010110111101000
11011100001111101000
01010010101111101000
10101001011111101000
01000101111111101000
01101111110000011000
11110110101000011000
11111001010100011000
11100101101100011000
00011111101100011000
01110111011100011000
01111010111100011000
11000111111100011000
10111011100010011000
11111100110010011000
11101111001010011000
10110101011010011000
10001110111010011000
01111111000110011000
11011010110110011000
11100101110110011000
11011101001110011000
10100111101110011000
00101011011110011000
01010100111110011000
10011001111110011000
11111010100001011000
00110111110001011000
11111100001001011000
01101110101001011000
01001111011001011000
01101001111001011000
11010011111001011000
01011110110101011000
11010101110101011000
11011011001101011000
10011100011101011000
10101010111101011000
01110011100011011000
11011001010011011000
10100110110011011000
01100111001011011000
11001101101011011000
00111101101011011000
11010110011011011000
10111110000111011000
10001111000111011000
01110100100111011000
11001110010111011000
01101001010111011000
00001101110111011000
10110001001111011000
10010010101111011000
00110100011111011000
01100000111111011000
01111011101000111000
11100011011000111000
10011010111000111000
01011101111000111000
11101010100100111000
01110101100100111000
10101111010100111000
10110110110100111000
11001101110100111000
10110110001100111000
10111011001100111000
01101100011100111000
10010101011100111000
11110000111100111000
01101110010010111000
00101101110010111000
01001011110010111000
10011110001010111000
11100100101010111000
01110010011010111000
00010110111010111000
10010111000110111000
01111000100110111000
00111110100110111000
10111000010110111000
01001100101110111000
01100011101110111000
11001010011110111000
00000111011110111000
11100111100001111000
01110110010001111000
10011101010001111000
01001101110001111000
01010111001001111000
10110001101001111000
00111100111001111000
01111010000101111000
10111000100101111000
01100011110101111000
10001101001101111000
11000010101101111000
00110110101101111000
10100110011101111000
01110001011101111000
00010011111101111000
01011110100011111000
11000101010011111000
10110011010011111000
10101000110011111000
00111011001011111000
11010000101011111000
00001111101011111000
01011000011011111000
00010011011011111000
10001011011011111000
11010010000111111000
01010101000111111000
11001001100111111000
00100101100111111000
00011000110111111000
10000011110111111000
01100110001111111000
10000100111111111000
11011101011100000100
01111110111100000100
01101101111100000100
01111111110010000100
11001111101010000100
10111110011010000100
11110001111010000100
10110111100110000100
11011100101110000100
01011001111110000100
11111111010001000100
11011011111001000100
11111010100101000100
10110110110101000100
01111101101101000100
10010101111101000100
00101111111101000100
10100111110011000100
01111011001011000100
11110110101011000100
11101111000111000100
01011110010111000100
01100101110111000100
01101110001111000100
10111001001111000100
11110100011111000100
11000011011111000100
10101000111111000100
11001111110000100100
11110010111000100100
10111101100100100100
01101111010100100100
01010111101100100100
10101110011100100100
11100011011100100100
10111110100010100100
11111101001010100100
01110011101010100100
11000110111010100100
01001101111010100100
10001011111010100100
10111011000110100100
00011111100110100100
11010111010110100100
01110110001110100100
11101010101110100100
00111010011110100100
10100101111110100100
11101110001001100100
11010101101001100100
00111011101001100100
10011110111001100100
01100111111001100100
01110001110101100100
10101011110101100100
10011011001101100100
11111000011101100100
00111100011101100100
11000100111101100100
01001010111101100100
01101011100011100100
10111101010011100100
11011011010011100100
11011000110011100100
11101100110011100100
01010101110011100100
01111000101011100100
01011100011011100100
11100001011011100100
01110101000111100100
11000110100111100100
11100010010111100100
00110100110111100100
10011001110111100100
11001101001111100100
10100011001111100100
00101101101111100100
00001111011111100100
00010011111111100100
11111001101000010100
11011110011000010100
11011011010100010100
01010111110100010100
10011111001100010100
11100100111100010100
10100011111100010100
11110110010010010100
10111001110010010100
11111010001010010100
00101111101010010100
11101100011010010100
10010111111010010100
01111011100110010100
10101111010110010100
01101100110110010100
11110101001110010100
01100111011110010100
10001100111110010100
01111100110001010100
10001111110001010100
11100111001001010100
01011111101001010100
10111101011001010100
00110011111001010100
00111111000101010100
11110101100101010100
01101011110101010100
00111010101101010100
01001110011101010100
11101001011101010100
10011010111101010100
11011110100011010100
11101010110011010100
11010011001011010100
10001110101011010100
00101011011011010100
00011001111011010100
11000101111011010100
11010101000111010100
00111100100111010100
10010011100111010100
10111010010111010100
11001101010111010100
01011000110111010100
01110010101111010100
10100110101111010100
01001001101111010100
00010110011111010100
01010001011111010100
00111110110000110100
01101111001000110100
10110111101000110100
01111001011000110100
01010111011000110100
11100011100100110100
11110101010100110100
01111100101100110100
10111010101100110100
11001101101100110100
00010101111100110100
01000011111100110100
11101011010010110100
10110100110010110100
01100101101010110100
10100011101010110100
01011010111010110100
11011110000110110100
11011001100110110100
01110010110110110100
10001010110110110100
00100111110110110100
00011101001110110100
00001110101110110100
11011000011110110100
10000110011110110100
10110001011110110100
11101101000001110100
01110110100001110100
01111010010001110100
10110101010001110100
01001110110001110100
11001001110001110100
10001111001001110100
10100100111001110100
10101110100101110100
01011101010101110100
10110011010101110100
11010010110101110100
10010110001101110100
01110011001101110100
11100000101101110100
01100100011101110100
00111000111101110100
11110001100011110100
00010111100011110100
01000111010011110100
00111110001011110100
10011100101011110100
11001010101011110100
10101001101011110100
10010010011011110100
00110101011011110100
11111000000111110100
01101110000111110100
10000101100111110100
10010100010111110100
00101001010111110100
01010100101111110100
00100010111111110100
11101110110000001100
00110111111000001100
01111011010100001100
11111000101100001100
10001111101100001100
11010110111100001100
10011011110010001100
01111100101010001100
10101101111010001100
11111100000110001100
11101010010110001100
10011110010110001100
01110010110110001100
10010101110110001100
00001111110110001100
11000111001110001100
11100100101110001100
00111011101110001100
00111101011110001100
01100011111110001100
11011111000001001100
01011101110001001100
11100011110001001100
11110101001001001100
01111110011001001100
10111000111001001100
11001101100101001100
01110111100101001100
10111101010101001100
11110010001101001100
01011010101101001100
01000111011101001100
11100001111101001100
00111111100011001100
11010110110011001100
11101001110011001100
10011111001011001100
10101110101011001100
11011001101011001100
11001010011011001100
01101101011011001100
10110011011011001100
01110010111011001100
01101110100111001100
01010011110111001100
00010101101111001100
00101010011111001100
10000101011111001100
10010000111111001100
01001100111111001100
11101011100000101100
01111101010000101100
11100101110000101100
11011111001000101100
00011011111000101100
01111110000100101100
00110111010100101100
10111010110100101100
10101101001100101100
00100111101100101100
11011010011100101100
11000110011100101100
00110100111100101100
01101001111100101100
11110011000010101100
11011010100010101100
11110100011010101100
10011001011010101100
00101111011010101100
10101000111010101100
01101010111010101100
01101101100110101100
11110000110110101100
11001100110110101100
11000011110110101100
01001110001110101100
10010110101110101100
01010101011110101100
10110111100001101100
00111001110001101100
11111000001001101100
01101100101001101100
10110110011001101100
11001101011001101100
01010011011001101100
11111001000101101100
11010011100101101100
00110011100101101100
11010100010101101100
01100110110101101100
00011110110101101100
01101011001101101100
10011100101101101100
10100010101101101100
10001001111101101100
01011111000011101100
01000111100011101100
00111010010011101100
10000111010011101100
01100111001011101100
00110100101011101100
10000011101011101100
00000110111011101100
10110110000111101100
01011000100111101100
10100001100111101100
10101100010111101100
01001001010111101100
00011010001111101100
11010001001111101100
00110000011111101100
11110111000000011100
10111011010000011100
10011101101000011100
11001011111000011100
10011110100100011100
11101001100100011100
10101101010100011100
00111101110100011100
11101110001100011100
01110001101100011100
10010011101100011100
10110010011100011100
01001101011100011100
11001000111100011100
00101110111100011100
01110101010010011100
11000111010010011100
00111010110010011100
10100011110010011100
01010111101010011100
01011011011010011100
11010000111010011100
01100110111010011100
01011011000110011100
11110010100110011100
01011101100110011100
00110110001110011100
10101001001110011100
01001010101110011100
01111000011110011100
11110001110001011100
00110111001001011100
10101011101001011100
11100010011001011100
11001100111001011100
00010110111001011100
00100101111001011100
01001111000101011100
11000110100101011100
01110010010101011100
10010111010101011100
10101100110101011100
00111001001101011100
10110100101101011100
11010000011101011100
00001011011101011100
11101100000011011100
10100101100011011100
01001011100011011100
00111100010011011100
00011111010011011100
10011100110011011100
10111000001011011100
01011100001011011100
10011001000111011100
11100011000111011100
00100110010111011100
11000000110111011100
00110001110111011100
10001110001111011100
01100101001111011100
00000011101111011100
11111100100000111100
11010110110000111100
01110011110000111100
00111011001000111100
01001110101000111100
10111100011000111100
11101000111000111100
00100110111000111100
10000101111000111100
11001011000100111100
00101011100100111100
11100110010100111100
01011000110100111100
10010001110100111100
11010100001100111100
00011110011100111100
00111101000010111100
11010101100010111100
10001111100010111100
01011100010010111100
11001001001010111100
10100111001010111100
10110010101010111100
10101010011010111100
00110001111010111100
10100100100110111100
01000110100110111100
01100001010110111100
10001101010110111100
00011011010110111100
11100000001110111100
01010011001110111100
00111000101110111100
00001001111110111100
10111110000001111100
10011011100001111100
11000011010001111100
00101111010001111100
11011010001001111100
01100010101001111100
01011001101001111100
01010100011001111100
10100001011001111100
10100101000101111100
00011101100101111100
01101000010101111100
10001010010101111100
00000111110101111100
00101100001101111100
00001001101101111100
01000101101101111100
11000110000011111100
01101001000011111100
00101010100011111100
11110000010011111100
01100100110011111100
00010010110011111100
10010101001011111100
00001100011011111100
01000001111011111100
00110011000111111100
10001000101111111100
01000010011111111100
11011110111000000010
10111011101100000010
11110101111100000010
11101111110010000010
11010111011010000010
11111011000110000010
01101110101110000010
00111111011110000010
00110110111110000010
10001101111110000010
11111001101001000010
00111111111001000010
10011110110101000010
01100111110101000010
01011111001101000010
11010011101101000010
01111000111101000010
01011011110011000010
10111110001011000010
11101101011011000010
10100011111011000010
01101110010111000010
11110100110111000010
11100111001111000010
10110101101111000010
11011001011111000010
00101100111111000010
01111111101000100010
11010011110100100010
11011101001100100010
11100011101100100010
10100110111100100010
01101101111100100010
01111101010010100010
10011111001010100010
11111000101010100010
11010101101010100010
01011011011010100010
11100100111010100010
11110110000110100010
00111110110110100010
11000111101110100010
11110001011110100010
10101011011110100010
01001010111110100010
00010111111110100010
10111111000001100010
11011101110001100010
11101011110001100010
11111100011001100010
01010011111001100010
10111010100101100010
00111101100101100010
10100111100101100010
01111011010101100010
11001110001101100010
10011100101101100010
11010010011101100010
10100101011101100010
10000011111101100010
11101110100011100010
01110111100011100010
11010110010011100010
10110001110011100010
10111001001011100010
00101111001011100010
11001001101011100010
11100010011011100010
00110010111011100010
10001110111011100010
11011001000111100010
00110111000111100010
01011100100111100010
11101000010111100010
10001111010111100010
11000101110111100010
01111010001111100010
01100001101111100010
01010100011111100010
10011000111111100010
11111011110000010010
10110111110000010010
11111111001000010010
01100111111000010010
11110110110100010010
11101100101100010010
01111001011100010010
10010111011100010010
10111000111100010010
10111101010010010010
01011110110010010010
11001110101010010010
00110111101010010010
11011000111010010010
10011111100110010010
11000111010110010010
00101011110110010010
10101110001110010010
01010111001110010010
11100010101110010010
01110001101110010010
11010100011110010010
01011111010001010010
11101110011001010010
10110011011001010010
10011101111001010010
11110011000101010010
01111110100101010010
10101111010101010010
00111001110101010010
01100011011101010010
11001010111101010010
00100110111101010010
01000101111101010010
10111100100011010010
11100101100011010010
01011101100011010010
11110010110011010010
00001111110011010010
10010110101011010010
01101011101011010010
11001011011011010010
11011010000111010010
11101001000111010010
00111011000111010010
01110101010111010010
11001100110111010010
10010001110111010010
00011101001111010010
10111000011111010010
01010010111111010010
11101101010000110010
11110010101000110010
11001011011000110010
10001111111000110010
01110111000100110010
11111001100100110010
11011110010100110010
01101010110100110010
00011101110100110010
10110101101100110010
11001011101100110010
10111010011100110010
01001111011100110010
00110011111100110010
11110101000010110010
11111000010010110010
10100111110010110010
10101011101010110010
10110110011010110010
00111000111010110010
01010101111010110010
10110010100110110010
01001101100110110010
10011011010110110010
10101100110110110010
01111100001110110010
00011110001110110010
10011100101110110010
01100010011110110010
00100101011110110010
11000110110001110010
00110101110001110010
11010101001001110010
01011110101001110010
01101101101001110010
10011011101001110010
01101100011001110010
01110110011001110010
00101010111001110010
11100001111001110010
00111100010101110010
11001001010101110010
00101110001101110010
01110000101101110010
10010100111101110010
11001111000011110010
00111010100011110010
01100011010011110010
01110001001011110010
00011010011011110010
10000101011011110010
01001100111011110010
10001010100111110010
01100110100111110010
01010001100111110010
10100001010111110010
00010110110111110010
10100100001111110010
10010011001111110010
00000111101111110010
00001001111111110010
10111010111000001010
10011111010100001010
01111100110100001010
11100011110100001010
01101111001100001010
10111001011100001010
11111110100010001010
10110111110010001010
11110101001010001010
01101101101010001010
00101011111010001010
01001111100110001010
11101101010110001010
11011110001110001010
01110010011110001010
11101000111110001010
10000110111110001010
01010001111110001010
10011111100001001010
11100101110001001010
01111011001001001010
01011100111001001010
11000110111001001010
01111101000101001010
11111010010101001010
10001101110101001010
00010111110101001010
01110110001101001010
10101110101101001010
11010101011101001010
01001011111101001010
11011100010011001010
10101011010011001010
00111101110011001010
01010111101011001010
00110110011011001010
11110000111011001010
10001001111011001010
01111010100111001010
10110110100111001010
10110001100111001010
11011001100111001010
11000010110111001010
10001101001111001010
11000100101111001010
00110011101111001010
10011010011111001010
01000110011111001010
11110011010000101010
10111100110000101010
10110110101000101010
00111110011000101010
11001001111000101010
01000111111000101010
11101100100100101010
01110011100100101010
11110100010100101010
11011000110100101010
00101111110100101010
01011110101100101010
11101010011100101010
00011001111100101010
00011111100010101010
11001110010010101010
01111010110010101010
11101011001010101010
11010010111010101010
00110101111010101010
10111101000110101010
11010101100110101010
10100110010110101010
00011101010110101010
10001011110110101010
10101010001110101010
00100111001110101010
01110100101110101010
10011010101110101010
01001101011110101010
01101111010001101010
11000111001001101010
11101010101001101010
01110101011001101010
10011011011001101010
11010110100101101010
01101001100101101010
01000111010101101010
10111100001101101010
10110011001101101010
00010101101101101010
10110000111101101010
00001100111101101010
01100010111101101010
11011010000011101010
01101010100011101010
10010011100011101010
00011110010011101010
01001001110011101010
01011101001011101010
01100110101011101010
10100101101011101010
00101100011011101010
11000001011011101010
11100011000111101010
00111001010111101010
10010101010111101010
01010011010111101010
00100100110111101010
11110000001111101010
00001011001111101010
00101000101111101010
11011101100000011010
11110001011000011010
00011111011000011010
10101101111000011010
00110111100100011010
01011011110100011010
11111000001100011010
11010100101100011010
00111100101100011010
00101011101100011010
10001110011100011010
11001001011100011010
10111110000010011010
11000111100010011010
11101010010010011010
01110001110010011010
10011011001010011010
01111010101010011010
11100100011010011010
11000011111010011010
10101101100110011010
11010011100110011010
00111110010110011010
01011101010110011010
10110011010110011010
10010100110110011010
01100110110110011010
00001010111110011010
00100001111110011010
11010111000001011010
11001011100001011010
10111110010001011010
01110101101001011010
01011010011001011010
10110100111001011010
10001100111001011010
11100110000101011010
10110101000101011010
11101000110101011010
00110010110101011010
01010001110101011010
11100001101101011010
10011001101101011010
10000111101101011010
00101101011101011010
01101111000011011010
11110000010011011010
01101100110011011010
10011010110011011010
11110010001011011010
10100111001011011010
10101000101011011010
00111001011011011010
01000101011011011010
00010011111011011010
00001110100111011010
00000111010111011010
01101100001111011010
01000011001111011010
01011000101111011010
10100010011111011010
11101110000000111010
01110110100000111010
00111011010000111010
10010111110000111010
00111101001000111010
11010011001000111010
01011010101000111010
11011100011000111010
00100111011000111010
01100100111000111010
10010001111000111010
10001110100100111010
01000111100100111010
10100001110100111010
11100101001100111010
01010010011100111010
11100011100010111010
01010111010010111010
11000100110010111010
10011001110010111010
10001101001010111010
00101110101010111010
01011001101010111010
01101001011010111010
10100000111010111010
11011000000110111010
01001011000110111010
00111001100110111010
01110000010110111010
00110010001110111010
11000110001110111010
10000001101110111010
00011100011110111010
11111001000001111010
10101101100001111010
01111000110001111010
11010001110001111010
00001011110001111010
10010110001001111010
11001100101001111010
00100011101001111010
10101000011001111010
10101011000101111010
00011111000101111010
10010010010101111010
01001110010101111010
01100101010101111010
01010100110101111010
01001001001101111010
00011010101101111010
11000000011101111010
01111100000011111010
00110111000011111010
10000110100011111010
10110100010011111010
01000010110011111010
01001010001011111010
00010100101011111010
10001100000111111010
11100000100111111010
00101010010111111010
00010001011111111010
10111101110000000110
01110111011000000110
11101011111000000110
11011111100100000110
10101110110100000110
11110110001100000110
00011011111100000110
11110011010010000110
00111101101010000110
10100111011010000110
01111100010110000110
11011010110110000110
01000111110110000110
11101001101110000110
11001110011110000110
01101011011110000110
10110010111110000110
10100111101001000110
10111010011001000110
11000111011001000110
01001101111001000110
00111110010101000110
11110001010101000110
10101011010101000110
11001001110101000110
11101100001101000110
10001111011101000110
11100010111101000110
01010110111101000110
01111110000011000110
10111011100011000110
11010111100011000110
11111000110011000110
01110101001011000110
01001111001011000110
10011100011011000110
00111001011011000110
10100100111011000110
01001010111011000110
00000111111011000110
11011101000111000110
10101100100111000110
01100011100111000110
01110010010111000110
10010011010111000110
11000100110111000110
00011101110111000110
10110010001111000110
11010000101111000110
00011110101111000110
10001011101111000110
00110001111111000110
11110111100000100110
01101111100000100110
11111110010000100110
11101101101000100110
11011001011000100110
00101110111000100110
01110001111000100110
01111010100100100110
10011101010100100110
10110001110100100110
00111111001100100110
10001110101100100110
01011100011100100110
11000101011100100110
10101000111100100110
11011100110010100110
01100110110010100110
00111011110010100110
11100110001010100110
01011110101010100110
10010101111010100110
01111001000110100110
11001011000110100110
11100101100110100110
00101101010110100110
10010110110110100110
10110100001110100110
11010010001110100110
10011001101110100110
00100011101110100110
01110000111110100110
11011010100001100110
11100101010001100110
10010110110001100110
00011111110001100110
11110011001001100110
10111100101001100110
01101011011001100110
10010111011001100110
01110100111001100110
11101010000101100110
11110000100101100110
01001111100101100110
01010111010101100110
01101100110101100110
01100101001101100110
00110110101101100110
01011001101101100110
00111001011101100110
10001101100011100110
10101010010011100110
00110111010011100110
11000011110011100110
10010010101011100110
00101001111011100110
10011110000111100110
00001010110111100110
00010101001111100110
01000010101111100110
01001000011111100110
00100110011111100110
01110101110000010110
00111110101000010110
11000111101000010110
01110010111000010110
11111101000100010110
01101111100100010110
11101010010100010110
11011010101100010110
10111100011100010110
11010001111100010110
00001101111100010110
00111111000010010110
11001011100010010110
10001101110010010110
11110100101010010110
00011011101010010110
01011101011010010110
10101010111010010110
10111000100110010110
01010110100110010110
11100001110110010110
00010011110110010110
01101101001110010110
01100011001110010110
10110011001110010110
10000101101110010110
00011010011110010110
10001001011110010110
00110100111110010110
11100110100001010110
01111001100001010110
01101101010001010110
10010011110001010110
11011001001001010110
11101000101001010110
10110001101001010110
11010100111001010110
10011100100101010110
11010110010101010110
10100101110101010110
01111010001101010110
10101011001101010110
01001100101101010110
00010111101101010110
01010100011101010110
00110101011101010110
10001110010011010110
11010101010011010110
00110110110011010110
10101101001011010110
01111000011011010110
01100110011011010110
01100001111011010110
10110100000111010110
00100111000111010110
01001011010111010110
10000010110111010110
11000110001111010110
00101010101111010110
11100000011111010110
10111011000000110110
11100010110000110110
01011011110000110110
11110000011000110110
10101001011000110110
00011100111000110110
10010010111000110110
01111100000100110110
10001111000100110110
11010100100100110110
00110110010100110110
11001000110100110110
10000111110100110110
01011011001100110110
10100111001100110110
01100110101100110110
00101001101100110110
10101110000010110110
10010111000010110110
01111100100010110110
01101001110010110110
00011001110010110110
11001100001010110110
01101010001010110110
11010001101010110110
11000011011010110110
00110011011010110110
00001111011010110110
11100000100110110110
00110101100110110110
11100100010110110110
01001110010110110110
01010001010110110110
01000100111110110110
11011100000001110110
00101111100001110110
10100110010001110110
10111000110001110110
00100011110001110110
00011101001001110110
01000011101001110110
11001010011001110110
11000111000101110110
10001001100101110110
00110011100101110110
00011010010101110110
01000001110101110110
10110000001101110110
10001100011101110110
00000011011101110110
11110010000011110110
01011011000011110110
10100011100011110110
00101100010011110110
10011001010011110110
01010000110011110110
01010110001011110110
00100100101011110110
10000000111011110110
00001101000111110110
01101000100111110110
00011000001111110110
11000001001111110110
01111011100000001110
11010111110000001110
10111111001000001110
01011101101000001110
11101100011000001110
11100110100100001110
01001110110100001110
10110101101100001110
11010011011100001110
10011100111100001110
01100101111100001110
01001111010010001110
01110100110010001110
10001110110010001110
11100010101010001110
01010110101010001110
10010011101010001110
11011000011010001110
00011110111010001110
11000101111010001110
01110111000110001110
10101111000110001110
11110001100110001110
00111000110110001110
01001001110110001110
10111010001110001110
01011001001110001110
00100110101110001110
10001001101110001110
01100100011110001110
10100001011110001110
00010111011110001110
11101111000001001110
11111100100001001110
11011011010001001110
10110010110001001110
00111010101001001110
01100011101001001110
00011101011001001110
10001010111001001110
01010001111001001110
10111001100101001110
11001100010101001110
00101011110101001110
10010110001101001110
11001011001101001110
00101101101101001110
01101000011101001110
10100100011101001110
00110011011101001110
10110101000011001110
11001010100011001110
00101101100011001110
11100110010011001110
01111001010011001110
00101110110011001110
11010100001011001110
11100001001011001110
00011011000111001110
01010100100111001110
10000111100111001110
00100101010111001110
00111100001111001110
10001111010000101110
11111010001000101110
11010100101000101110
10110101011000101110
01111000111000101110
10100011111000101110
10010111000100101110
00011011100100101110
11101001010100101110
01010101110100101110
01110001001100101110
11000011101100101110
01100110011100101110
00001011011100101110
00010010111100101110
11001101000010101110
00100111100010101110
10110010010010101110
11010001010010101110
01100011010010101110
10101001110010101110
00111001001010101110
10101100101010101110
01001011101010101110
01010110011010101110
00011100100110101110
10101010100110101110
01011010010110101110
01101000001110101110
00000101101110101110
10001100011110101110
11000000111110101110
01110110000001101110
11000101100001101110
11100000110001101110
01010010110001101110
00100101110001101110
00011110001001101110
10101001001001101110
10010001101001101110
00001111101001101110
01001110011001101110
01011100000101101110
00101110000101101110
10011000010101101110
10100011010101101110
10000110110101101110
11000001001101101110
11001000101101101110
10111000000011101110
01001100100011101110
01110001100011101110
10010100110011101110
10001110001011101110
00010011001011101110
01100000011011101110
00011000111011101110
11100100000111101110
01000111000111101110
00110010100111101110
00000001110111101110
10000010011111101110
10101111100000011110
01111110010000011110
11011000110000011110
11001101001000011110
01101011011000011110
10100110111000011110
00111001111000011110
00011101100100011110
11000101010100011110
00100111010100011110
10110000110100011110
10001011110100011110
01011110001100011110
11100011001100011110
01110100011100011110
00010011011100011110
01000010111100011110
11011110000010011110
11111001000010011110
10110110100010011110
01100101100010011110
00010101110010011110
01110011001010011110
10011000101010011110
00101100011010011110
10010110011010011110
01001000111010011110
01101010000110011110
10010101000110011110
11001100100110011110
10101000010110011110
11000010010110011110
00001111001110011110
00011110100001011110
11110100010001011110
10101001010001011110
01101010110001011110
01000111110001011110
00101110001001011110
11010010101001011110
10000111011001011110
10011010000101011110
01100100100101011110
10100010100101011110
01010011100101011110
01011001010101011110
01010101001101011110
00011000111101011110
10000001111101011110
10001011000011011110
11000001100011011110
01010010010011011110
00100011010011011110
00110000101011011110
01000110101011011110
00001101101011011110
10000010011011011110
10010001011011011110
01110000000111011110
00101001100111011110
00011100010111011110
11001000001111011110
00000100111111011110
01011111000000111110
10110001100000111110
10011010010000111110
01001101110000111110
10001010101000111110
01100001101000111110
00010111101000111110
11000110011000111110
10111100000100111110
11110010000100111110
01101101000100111110
00110001010100111110
00101100110100111110
00101010001100111110
10011001001100111110
01010000101100111110
10000100101100111110
11101000100010111110
01010010100010111110
10100101010010111110
00001110110010111110
00110100001010111110
01000101001010111110
00000011111010111110
00010110000110111110
10000011000110111110
00000100110110111110
00100010110110111110
10010000011110111110
01100011000001111110
00110100100001111110
00010101010001111110
10001100110001111110
01111000001001111110
11100100001001111110
00110010011001111110
00001001011001111110
11010001000101111110
01001010100101111110
00000110001101111110
00100000111101111110
00011001100011111110
11001000010011111110
10100010001011111110
10010000100111111110
01000100010111111110
00100001001111111110
11010111110100000001
10111110101100000001
10011111110010000001
11110100111010000001
01101011111010000001
11011011100110000001
01011111010110000001
11001110110110000001
11101101101110000001
10111001011110000001
10111101110001000001
11111011001001000001
01001111111001000001
11111101001101000001
01111010011101000001
10001110111101000001
00110101111101000001
11111100010011000001
01101101110011000001
11011111001011000001
00101111101011000001
01100111011011000001
11010011111011000001
11101011010111000001
01110110110111000001
11110011001111000001
01011100101111000001
11001000111111000001
10110010111111000001
11111011101000100001
10111101011000100001
01011110111000100001
01111101100100100001
11111011010100100001
11110110011100100001
00100111111100100001
11111111000010100001
11100111101010100001
10101110111010100001
11011001111010100001
01111110100110100001
10110101010110100001
11001110001110100001
00111101001110100001
11110000101110100001
10001101011110100001
01000111011110100001
00011010111110100001
11000111110001100001
01111110001001100001
11001101101001100001
11001011011001100001
10111000111001100001
00110110111001100001
01101111100101100001
11010101010101100001
11100010110101100001
00010111110101100001
10101111001101100001
11011010101101100001
00110011101101100001
01101001111101100001
11101100100011100001
11010110100011100001
11110001010011100001
10101011110011100001
01110101101011100001
11100010011011100001
00111011011011100001
10111010000111100001
11100101000111100001
01111001100111100001
00101110010111100001
10011100110111100001
10010101101111100001
10001011101111100001
01100100011111100001
01011001011111100001
10100001111111100001
11101111010000010001
11010111101000010001
10111011111000010001
01111101110100010001
11001111001100010001
01011110101100010001
11011001101100010001
11101010011100010001
11100101011100010001
00101111011100010001
11100110110010010001
00111110110010010001
10110111001010010001
01111101101010010001
11111100000110010001
10101010110110010001
11100001110110010001
01111011001110010001
10011110011110010001
00010011111110010001
01111111100001010001
11011110110001010001
11011101011001010001
11110000111001010001
10100111111001010001
10110110100101010001
10011011010101010001
01110011110101010001
10111010001101010001
01010111011101010001
01101100111101010001
00111111010011010001
11001001110011010001
11101110001011010001
01011010101011010001
11100001101011010001
10101001011011010001
10010100111011010001
01100111000111010001
00011110100111010001
10111001100111010001
01111000010111010001
11010100010111010001
10101100010111010001
10000111110111010001
01000110101111010001
00100011101111010001
00001101011111010001
11111000110000110001
01100011111000110001
00111111000100110001
10110011100100110001
01100110110100110001
11001011110100110001
01100101101100110001
01011100011100110001
11010010011100110001
00011011011100110001
10001100111100110001
00110111110010110001
10111010001010110001
11011100101010110001
01101010101010110001
11010110011010110001
01110001011010110001
10000101111010110001
00001011111010110001
10001101100110110001
01010111100110110001
11110010010110110001
01101101010110110001
00011001110110110001
11010101001110110001
10100110101110110001
10100011011110110001
00110100111110110001
10110101100001110001
10011011100001110001
01110110010001110001
01101011010001110001
01111000101001110001
10001110101001110001
11101000011001110001
10010011011001110001
01010101111001110001
11100110000101110001
11101001100101110001
10001110010101110001
10101001010101110001
00111010110101110001
01110001001101110001
00011101101101110001
10110100011101110001
10000010111101110001
01011101000011110001
10100111000011110001
01110010100011110001
11011010010011110001
00111100110011110001
00010111001011110001
01001110011011110001
11000011000111110001
01001010110111110001
01000101110111110001
10011000001111110001
00110010001111110001
00101100101111110001
01010000111111110001
11111110010000001001
01110111101000001001
01101011110100001001
11100110111100001001
10101101111100001001
01011101111100001001
11110011110010001001
11011010101010001001
10100111011010001001
00111110111010001001
01100111100110001001
00101111010110001001
01101100110110001001
11011100001110001001
01110101001110001001
10011011001110001001
01110010101110001001
00010111101110001001
11000001111110001001
11011001110001001001
10111011101001001001
01110011011001001001
00011111011001001001
11101010111001001001
11111100100101001001
01011011100101001001
10100111100101001001
11010010110101001001
00111110110101001001
11100110001101001001
11110001101101001001
11001001011101001001
10010111011101001001
01111110000011001001
11100110100011001001
10111010010011001001
10101101001011001001
10001110011011001001
01010101011011001001
01110000111011001001
10000011111011001001
11000101100111001001
00111101100111001001
10011101010111001001
10110110001111001001
01001111001111001001
10100100111111001001
00001001111111001001
00111111110000101001
11111100101000101001
11010111011000101001
01101111011000101001
11100001111000101001
11101101000100101001
11110010100100101001
10011111100100101001
10111001110100101001
01101110101100101001
01111000011100101001
10001011011100101001
10010100111100101001
01010011111100101001
10110110100010101001
10101011100010101001
01011011010010101001
11101010110010101001
11010101110010101001
01001101101010101001
11101100011010101001
00111001111010101001
01011101000110101001
10011010010110101001
10000111110110101001
11100010001110101001
00101011101110101001
00110110011110101001
11111011000001101001
10011100110001101001
10110101001001101001
00011111101001101001
01100100111001101001
01110111000101101001
10110010010101101001
00101101010101101001
01110000110101101001
11001100110101101001
10011110001101101001
11000011001101101001
10101000101101101001
01010100101101101001
01001010011101101001
00110011100011101001
11001011100011101001
00001111010011101001
01011100110011101001
10100101110011101001
00111100001011101001
01101010001011101001
01010110001011101001
10011001001011101001
10010010111011101001
01000011111011101001
11101000000111101001
11000110010111101001
00100011010111101001
00010001110111101001
00000110101111101001
11010000011111101001
11101101100000011001
10001111110000011001
11100011101000011001
01111100011000011001
11011010011000011001
10110110011000011001
11110011000100011001
10011100110100011001
10111101001100011001
00110001111100011001
00011111100010011001
10010111010010011001
01011001110010011001
11001101011010011001
00110011011010011001
10111000111010011001
01100101111010011001
11010110100110011001
10110101100110011001
11001011010110011001
00110010110110011001
00101110001110011001
01101001001110011001
11101000101110011001
00001101101110011001
11110000011110011001
01000110011110011001
10111111000001011001
11100100110001011001
10010101101001011001
00011011111001011001
01011101000101011001
01101110010101011001
00110101010101011001
10101001110101011001
11010110001101011001
01101011001101011001
00111000101101011001
11001100101101011001
10100011011101011001
01000010111101011001
00000101111101011001
11110101000011011001
11011000100011011001
11100010010011011001
01000110110011011001
10010001110011011001
00101011110011011001
01111001001011011001
11000011001011011001
10001010101011011001
00110110101011011001
00001100111011011001
10001110000111011001
01101010100111011001
01010011010111011001
11100100001111011001
01010001101111011001
10010000011111011001
00011010011111011001
11110101010000111001
01011010110000111001
01001101110000111001
10100011110000111001
10101110001000111001
11011001001000111001
00111011001000111001
00110101101000111001
11000010111000111001
11011110000100111001
11000110100100111001
11010001100100111001
00111100010100111001
01000111010100111001
01110100001100111001
10011000101100111001
01001001101100111001
10000111101100111001
00101010111100111001
10111100000010111001
01110011000010111001
11001110100010111001
11101001010010111001
01110100110010111001
01000111001010111001
01010100101010111001
10101001101010111001
10010011101010111001
00011101011010111001
10101011000110111001
00111000100110111001
10100100010110111001
11000000110110111001
00001110110110111001
01011010001110111001
01000001011110111001
11001111000001111001
00101110100001111001
01010011100001111001
00111001010001111001
10010110110001111001
11110010001001111001
01101101001001111001
10100100101001111001
11000100011001111001
00011110011001111001
10001001111001111001
00001011100101111001
11011000010101111001
11100001010101111001
00100111001101111001
01100001100011111001
10110000011011111001
00100101011011111001
00100010111011111001
01001100000111111001
00011001000111111001
10010100100111111001
10100010100111111001
00010110010111111001
10000001001111111001
00101000011111111001
11111010110000000101
01111111001000000101
11100101111000000101
11110111000100000101
00111011110100000101
11001011111100000101
11110101100010000101
10111011101010000101
11010101011010000101
00110101111010000101
11100011100110000101
10111100110110000101
10101111001110000101
11101000011110000101
01110011011110000101
01010110111110000101
00101110111110000101
10000111111110000101
11101111100001000101
11011100101001000101
10101011011001000101
01111001111001000101
10011111100101000101
11011010010101000101
01101101010101000101
11101000110101000101
10100101101101000101
01010011101101000101
11100110011101000101
10110001011101000101
00011111011101000101
11001110010011000101
00110011110011000101
11101000101011000101
00010111101011000101
00110110011011000101
10011010111011000101
10001101111011000101
11010110000111000101
01101110000111000101
00111010100111000101
01001101100111000101
00111001010111000101
10100101010111000101
11010001110111000101
00001011110111000101
10011100001111000101
01100000111111000101
10110111110000100101
10011101101000100101
01101100111000100101
11101110100100100101
10011110010100100101
01011101110100100101
11101001001100100101
10110100101100100101
00111001101100100101
00001111101100100101
01110101011100100101
11011000111100100101
10010011111100100101
01111110010010100101
11100111010010100101
00101101110010100101
01010011110010100101
11011010001010100101
10101110001010100101
01101001011010100101
00011111011010100101
01110011000110100101
11010100100110100101
11001001010110100101
01111000110110100101
10100010110110100101
10010111001110100101
01100100101110100101
01001011101110100101
00111111000001100101
11011001100001100101
01110011010001100101
11110100110001100101
01011101001001100101
11100011101001100101
11010110011001100101
11111100000101100101
01010110100101100101
10100111010101100101
10001101110101100101
01000111001101100101
00101010101101100101
00111000011101100101
01000001111101100101
10001111000011100101
10111000100011100101
01100010110011100101
00011110110011100101
11110000001011100101
10100110101011100101
01001110101011100101
10101100011011100101
10010001011011100101
01011011000111100101
10010010100111100101
00100111100111100101
11000001101111100101
01010010011111100101
10001010011111100101
00000100111111100101
11101110101000010101
11110011011000010101
10111100111000010101
00011111111000010101
10101101100100010101
01111110010100010101
10010110110100010101
11000101110100010101
01101011101100010101
00110111101100010101
10010101011100010101
01110000111100010101
11011111000010010101
01110110100010010101
01111001010010010101
11010010110010010101
01001111110010010101
10111000101010010101
10001011011010010101
01011100111010010101
10011101010110010101
00110111010110010101
00111100001110010101
11100010001110010101
10011010101110010101
10110001101110010101
01000101101110010101
01001010011110010101
00101001111110010101
11110011100001010101
10110110010001010101
01011011010001010101
01010101110001010101
11100010101001010101
00101101101001010101
01110101011001010101
01101010111001010101
11000110111001010101
11011001000101010101
11000011010101010101
10110000110101010101
00100110110101010101
10101100001101010101
01110110001101010101
11010000101101010101
10001001101101010101
00011100111101010101
10101011000011010101
00101110100011010101
10011101100011010101
11100101010011010101
10110100001011010101
01001101001011010101
11011000011011010101
10100010011011010101
01000011111011010101
01110001000111010101
11100100100111010101
11001010100111010101
00010101110111010101
00011011001111010101
10000111001111010101
11111010000000110101
01111101100000110101
10101010110000110101
11010001110000110101
11110100001000110101
10001011101000110101
01001110011000110101
11001101011000110101
10100111011000110101
01011010100100110101
11101100010100110101
10111001010100110101
00001111110100110101
11010011001100110101
11000110101100110101
00110010011100110101
10101101000010110101
11000011100010110101
00111011100010110101
10010011010010110101
11001100110010110101
01011001001010110101
00010110101010110101
00111000011010110101
01100110011010110101
11100000111010110101
10110110000110110101
01001111000110110101
10101000100110110101
01100001100110110101
01010100010110110101
00101010010110110101
00100101001110110101
10010000111110110101
11010111000001110101
10011100010001110101
00011001110001110101
01100101110001110101
10111001001001110101
10110010101001110101
00000111101001110101
00101110011001110101
01010010111001110101
00011110000101110101
00110101000101110101
00101011000101110101
01001100100101110101
11001010001101110101
01001001011101110101
10000101011101110101
00100001111101110101
01110100000011110101
10000110110011110101
10100001110011110101
11000100001011110101
01100011001011110101
00010001101011110101
00001000111011110101
11000000010111110101
00000011010111110101
01101000001111110101
10111110100000001101
11011100110000001101
01110110110000001101
11111001011000001101
10011111011000001101
01000111111000001101
11001111010100001101
01110001110100001101
00111110001100001101
01101101001100001101
01011011001100001101
10101010101100001101
11010101101100001101
10110100011100001101
10111101000010001101
01111001100010001101
11001101100010001101
11110110001010001101
11101011001010001101
01001110011010001101
10100010111010001101
01011110100110001101
10010011100110001101
11100101010110001101
10110011010110001101
10101001110110001101
11010010011110001101
00011000111110001101
11010101010001001101
11100001110001001101
00001111110001001101
11001110001001001101
10010110101001001101
01001011101001001101
00101100111001001101
10111011000101001101
10101110010101001101
01100110101101001101
00011001101101001101
01011100011101001101
00110010111101001101
10000011111101001101
11010011000011001101
01101011010011001101
10110100110011001101
01011010110011001101
10110001101011001101
01100101101011001101
11000100011011001101
00011001011011001101
11001001000111001101
00010111000111001101
11110000100111001101
00110100100111001101
10001100100111001101
01110100010111001101
00000110110111001101
01111000001111001101
00100011001111001101
11000010101111001101
01011111100000101101
10101011010000101101
11100101001000101101
11010010101000101101
01110010011000101101
10110000111000101101
10001110111000101101
11000111100100101101
11010001010100101101
10100100110100101101
01001010110100101101
11001100001100101101
10110011001100101101
00001101111100101101
00101110100010101101
11111000010010101101
10010110010010101101
00110111001010101101
11001000101010101101
00011010101010101101
10000101101010101101
11000011011010101101
01010100111010101101
10001110000110101101
01101011000110101101
10011001100110101101
00110101100110101101
00011100010110101101
01100110010110101101
10111000001110101101
01010001101110101101
00100001011110101101
00000010111110101101
11100110000001101101
01111010100001101101
10101101100001101101
01101100010001101101
10010011110001101101
10101010001001101101
01110001001001101101
10011000011001101101
00100011011001101101
01001000111001101101
00010101111001101101
10010101000101101101
00111100100101101101
10001010100101101101
01100001100101101101
01000101010101101101
00011011010101101101
11100000011101101101
00000110011101101101
11011100000011101101
01000111000011101101
10001001010011101101
00110101010011101101
11000000110011101101
00101001101011101101
01110010000111101101
00101000110111101101
01001000001111101101
10100100001111101101
00001101001111101101
11011011100000011101
10110101110000011101
01111010101000011101
00101101011000011101
11001000111000011101
00100110111000011101
01010001111000011101
11110100000100011101
10100111000100011101
01010111000100011101
01101100100100011101
00011101100100011101
11100010110100011101
00011010110100011101
10000110011100011101
01100001011100011101
10011001011100011101
01101111000010011101
10101110010010011101
01100011010010011101
01101000110010011101
00011110001010011101
11010001001010011101
10101100101010011101
11000110101010011101
00100011101010011101
10000001111010011101
11011000000110011101
00111010000110011101
10001011100110011101
01001100010110011101
00100100110110011101
01000011110110011101
10010100101110011101
00010101011110011101
01011110000001011101
00111001100001011101
10000111100001011101
11111000010001011101
10001101010001011101
01100111010001011101
10001010110001011101
11101001001001011101
10010011001001011101
01110100101001011101
00111010011001011101
11101010000101011101
00100011100101011101
00101010010101011101
01010100110101011101
01001001110101011101
11000101001101011101
00001110101101011101
10110010100011011101
01010101100011011101
00011100010011011101
01010010001011011101
01100000011011011101
00000111011011011101
00101101000111011101
10010010010111011101
10100001010111011101
00100000101111011101
10001000011111011101
10011101000000111101
01100111100000111101
11001110010000111101
00010111010000111101
00101001110000111101
00011100101000111101
01001011011000111101
01111001000100111101
00110110100100111101
01010010010100111101
01100010001100111101
00001111001100111101
10100001101100111101
10101000011100111101
01000100111100111101
11100010000010111101
10110001000010111101
10011000110010111101
00000101110010111101
01101100001010111101
01110000101010111101
10000100011010111101
11000101000110111101
00010011100110111101
10000010001110111101
11001001000001111101
11101000100001111101
11010100100001111101
00110000110001111101
11000001101001111101
10110000000101111101
10000000110101111101
01011000001101111101
00010010101101111101
00010001011101111101
10011010000011111101
00100110000011111101
00001100100011111101
01001010010011111101
01010001010011111101
00001011001011111101
01000000100111111101
00010100001111111101
10101111101000000011
01111101011000000011
00111111100100000011
11101001110100000011
10110111001100000011
10011101101100000011
11011011011100000011
01110010111100000011
01111011100010000011
11110110010010000011
11111010011010000011
00011101111010000011
11111000100110000011
10111110010110000011
10100111110110000011
11010110101110000011
11100110011110000011
10010001111110000011
01100101111110000011
11110111010001000011
01111010110001000011
11110110101001000011
11101100111001000011
11111110000101000011
11001111010101000011
01011101110101000011
10110011110101000011
01101010101101000011
10011100011101000011
11100001011101000011
00011010111101000011
10001111100011000011
10011011010011000011
10010110110011000011
01110001110011000011
10101010101011000011
11000101101011000011
01011110011011000011
10110101011011000011
11011001000111000011
10101101000111000011
11100010100111000011
01010111100111000011
11000100110111000011
01110100001111000011
11001010001111000011
00111001101111000011
00101011011111000011
00010111011111000011
01000011111111000011
11011110100000100011
10101111010000100011
01110111110000100011
10011110011000100011
10110011011000100011
11010100111000100011
11001010111000100011
11001101100100100011
01101110010100100011
11111000001100100011
01010101101100100011
11000011101100100011
00111100111100100011
10111101100010100011
10111010110010100011
11100001110010100011
01001111110010100011
01101101001010100011
00110110101010100011
01110100011010100011
10010011100110100011
11011100010110100011
11000011010110100011
01010010110110100011
00101001110110100011
01110011001110100011
10101000101110100011
01011000101110100011
00001111101110100011
11110001100001100011
01100111001001100011
10010111101001100011
10100100111001100011
00011001111001100011
01110100010101100011
10111001010101100011
10101100110101100011
00001011110101100011
00011011001101100011
11100100101101100011
10101010011101100011
01001101011101100011
01000110111101100011
01101011000011100011
00110111000011100011
00011101010011100011
11010000110011100011
00100110110011100011
11001100001011100011
11010011001011100011
00011100101011100011
01010010101011100011
01101000111011100011
00000101111011100011
01001110000111100011
10110100100111100011
10000110001111100011
00110000011111100011
11111100100000010011
11001101111000010011
01011011111000010011
11100111100100010011
10110101010100010011
01001110110100010011
10111000011100010011
00110110011100010011
10000011111100010011
10110011100010010011
01110111010010010011
11010101110010010011
11111001001010010011
01001111001010010011
10100101101010010011
11001100011010010011
11100011011010010011
10010010111010010011
00101110111010010011
11001101000110010011
01110100100110010011
01011010010110010011
00011100110110010011
00000111110110010011
10001011001110010011
00111010101110010011
01101100011110010011
01001001111110010011
11111001010001010011
10101110110001010011
11000011110001010011
11011010001001010011
11100101001001010011
00111111001001010011
01110011101001010011
00010110111001010011
00101001111001010011
01101101000101010011
01010111000101010011
11010101100101010011
10101011100101010011
11011000110101010011
00110100101101010011
00001111101101010011
11000100011101010011
11110110000011010011
00111001100011010011
01101010010011010011
01100100101011010011
10011001101011010011
00111100011011010011
10000110011011010011
01010001011011010011
10010111000111010011
01001011100111010011
00110010010111010011
00100101110111010011
11010000001111010011
10001100101111010011
10100000111111010011
11011011000000110011
00011111100000110011
11000111010000110011
10110100110000110011
01101100110000110011
11100110001000110011
00111001101000110011
01111010011000110011
00101110100100110011
10011010110100110011
01110001110100110011
10101101001100110011
01101011001100110011
10010110101100110011
11010001011100110011
11100000111100110011
01111110000010110011
11001001100010110011
00101011010010110011
01010011101010110011
10101100011010110011
10011001011010110011
01000110111010110011
11101010000110110011
10110001000110110011
11000100100110110011
00100011100110110011
10000110010110110011
00010101010110110011
00011100001110110011
11001000011110110011
00100000111110110011
11101010100001110011
01000111100001110011
01011100010001110011
10110010010001110011
10000101110001110011
10111100001001110011
10001101001001110011
10100011001001110011
00110001011001110011
00001111011001110011
01111000000101110011
10011101000101110011
11010010100101110011
01010011010101110011
00100111010101110011
01010110001101110011
01001000101101110011
10000001101101110011
10011110000011110011
00101101100011110011
11100100010011110011
01001001010011110011
10001000110011110011
00010011110011110011
10110000101011110011
11000010101011110011
01100000110111110011
00101001001111110011
01000101001111110011
00000010011111110011
11110101100000001011
11001011110000001011
11101110001000001011
10010111111000001011
11101011000100001011
01110111010100001011
10101010110100001011
11000111001100001011
01111001101100001011
01011110011100001011
11010000111100001011
00001111111100001011
11011111000010001011
10111001010010001011
01010110110010001011
00111111001010001011
10110100101010001011
11010001101010001011
01001011011010001011
11001100111010001011
01100010111010001011
10011100100110001011
11010001010110001011
00110101110110001011
00011011110110001011
10101100001110001011
01001010101110001011
10100011101110001011
00111000011110001011
01101111100001001011
00111011010001001011
11011101001001001011
00111100101001001011
11010010011001001011
01101001011001001011
10110001111001001011
00100111111001001011
11001110100101001011
10110100010101001011
01011100010101001011
10101001001101001011
10010010101101001011
01000101101101001011
00101110011101001011
10110011000011001011
11101001100011001011
11000111010011001011
10101100110011001011
11111000001011001011
01001110101011001011
00011011101011001011
00011110000111001011
01110001000111001011
11100000010111001011
01001101010111001011
01011000110111001011
00100010110111001011
00100101001111001011
10000011011111001011
00010100111111001011
11011101010000101011
11100110110000101011
01111001110000101011
01011011001000101011
00101101101000101011
10001011101000101011
00101010111000101011
10111110000100101011
10100101100100101011
01110001010100101011
00010110110100101011
00111010101100101011
11000100011100101011
00110101011100101011
01100011011100101011
11100111000010101011
01101100100010101011
11000101010010101011
10001101110010101011
10110010001010101011
10000110101010101011
01100001101010101011
01011000011010101011
10100001011010101011
00010011011010101011
01010110000110101011
00111011000110101011
11001010100110101011
01101000010110101011
10110000110110101011
01000100110110101011
11001001001110101011
10010101001110101011
00001110011110101011
11110100000001101011
01010101100001101011
10100011100001101011
11101000010001101011
00010111010001101011
10011010110001101011
01001110110001101011
11011000101001101011
01110010101001101011
10100110011001101011
10001101011001101011
01011010000101101011
10000111000101101011
00100110100101101011
10011001100101101011
11000001110101101011
01101100001101101011
01010001001101101011
00100001111101101011
10101110000011101011
00111000100011101011
01110010010011101011
01100101010011101011
10010100011011101011
00001010111011101011
00001101100111101011
01000011100111101011
10001000010111101011
10000000101111101011
01111101000000011011
10111001100000011011
11110010110000011011
00111110110000011011
10011110101000011011
01010101011000011011
10101011011000011011
01101000111000011011
01111010000100011011
10011011000100011011
11101100010100011011
11010110010100011011
01000101110100011011
00100111001100011011
11001010101100011011
01100110101100011011
01010011101100011011
10100100111100011011
10101010100010011011
11000011100010011011
10011100010010011011
00101101010010011011
01110110001010011011
01011100101010011011
00000111111010011011
10100110000110011011
01101001100110011011
01100011010110011011
10001000110110011011
10010010001110011011
11100001001110011011
00011001001110011011
10000101011110011011
01010110100001011011
11001010010001011011
10100101010001011011
01100001110001011011
00011101110001011011
10001111001001011011
10100010101001011011
01001001101001011011
10011000011001011011
01100110011001011011
11110000100101011011
00101100100101011011
10010001010101011011
00001011010101011011
10000110110101011011
00011100001101011011
00110011001101011011
01110000011101011011
11001100000011011011
01011011000011011011
00100111100011011011
01010100010011011011
00110000110011011011
00101010001011011011
00010101001011011011
11000000111011011011
10111000000111011011
00010010100111011011
10000001100111011011
01001000011111011011
10110111000000111011
01101011100000111011
10010001110000111011
11101000001000111011
01001110001000111011
11000101101000111011
00001100111000111011
00110010111000111011
01011100100100111011
10100010010100111011
01011001010100111011
10001101010100111011
00000011110100111011
10110000001100111011
00010111001100111011
00101001011100111011
00001111000010111011
11110000100010111011
00011010100010111011
00010101100010111011
11010010010010111011
00100110010010111011
11010100001010111011
10001010011010111011
01100101000110111011
00100100101110111011
01000010101110111011
00010000111110111011
00111010000001111011
10011100100001111011
01000011011001111011
01010000111001111011
11000100000101111011
01100010000101111011
00110001100101111011
00001000110101111011
10001010001101111011
00000100011101111011
10010010000011111011
11010001000011111011
10101001000011111011
10000011010011111011
01100000001011111011
00000001101011111011
00110100000111111011
01011111010000000111
11010011101000000111
01101110011000000111
00111011011000000111
10110110111000000111
11101100100100000111
11110100110100000111
11110001001100000111
01111100101100000111
01001111101100000111
10101101011100000111
11001100111100000111
00100011111100000111
11101110100010000111
11101101010010000111
11011001110010000111
11111100001010000111
10011110101010000111
01100111101010000111
00111000111010000111
11000010111010000111
00011111000110000111
00110110100110000111
00101101100110000111
01010101010110000111
10001011010110000111
01101010110110000111
10110010001110000111
01011010001110000111
11000101001110000111
10001001101110000111
10010100011110000111
10111101000001000111
01011110100001000111
00111100110001000111
01100110110001000111
10101001110001000111
10010101110001000111
10011011001001000111
11110000011001000111
10000111011001000111
01111011000101000111
01110101100101000111
11000011100101000111
00100111001101000111
10111000101101000111
10000110101101000111
01010001011101000111
11100011000011000111
00101111010011000111
01001001110011000111
01110010101011000111
01011001101011000111
11001001011011000111
01010100111011000111
10100001100111000111
10011000010111000111
10100110010111000111
01101001001111000111
00001100011111000111
11111001000000100111
10011011110000100111
11001111001000100111
01101010101000100111
01110000111000100111
00000111111000100111
01100111000100100111
10101011100100100111
11110010010100100111
01001011010100100111
10011000110100100111
11000110110100100111
00100101110100100111
10011010001100100111
00010110011100100111
11110010100010100111
01011101100010100111
10000111100010100111
10110100010010100111
11001010010010100111
10101011001010100111
01010111001010100111
10110001101010100111
10001000111010100111
11101100000110100111
00110011010110100111
00001100110110100111
00101110001110100111
10100000011110100111
00011001011110100111
01000001111110100111
10110110000001100111
10001110100001100111
01101001100001100111
11001100010001100111
00110101101001100111
01011010011001100111
00101101011001100111
10100010111001100111
11000001111001100111
10010011000101100111
01011000110101100111
00110010110101100111
11010100001101100111
01100010001101100111
10001001001101100111
00001100101101100111
10010000111101100111
11010101000011100111
01100100100011100111
00001011100011100111
01111000010011100111
00011010010011100111
01000110010011100111
00111010001011100111
10100101001011100111
00000011011011100111
00111100000111100111
11001000100111100111
00010001100111100111
01100001010111100111
10000101010111100111
11101011000000010111
10010111100000010111
11011100010000010111
00101111110000010111
11010110001000010111
01010101101000010111
10001110011000010111
10100001111000010111
10111110000100010111
01110010100100010111
01101001010100010111
10100011010100010111
10011001110100010111
00111001001100010111
10100010101100010111
01011000011100010111
01000111011100010111
10111010010010010111
10100100110010010111
01100011110010010111
10011101001010010111
01101000101010010111
01010010011010010111
00100101011010010111
01100110000110010111
11010011000110010111
10001110100110010111
01011001100110010111
11110000010110010111
11000000101110010111
00000110111110010111
10111010100001010111
11001101100001010111
00010111010001010111
01111100001001010111
01001011001001010111
10001000111001010111
11001110000101010111
10001010100101010111
00011011100101010111
01100100010101010111
00001101010101010111
01000010110101010111
10010101001101010111
01100001101101010111
10010010011101010111
00101010011101010111
11101000000011010111
01000111000011010111
11010000100011010111
00110101100011010111
10110001010011010111
01001100110011010111
00011010110011010111
00001110001011010111
00110011001011010111
10000011101011010111
01011100000111010111
00101000110111010111
00010000101111010111
00000001011111010111
01110011000000110111
11100101100000110111
00111101010000110111
01010110110000110111
00110110001000110111
11011000101000110111
10101100101000110111
10010101011000110111
01001001111000110111
01010101000100110111
10000111000100110111
00111000100100110111
01001100001100110111
00010001101100110111
00100100011100110111
11000010011100110111
00001010111100110111
10010100100010110111
01001010100010110111
00011110010010110111
01000101010010110111
00110000110010110111
11100001001010110111
00100010101010110111
00001101101010110111
10011000000110110111
10000001110110110111
01110000001110110111
00000011001110110111
01101110000001110111
00100011100001110111
11010000010001110111
10001011010001110111
01000100101001110111
00011010101001110111
01100000011001110111
11100001000101110111
10100100100101110111
10101000010101110111
00010100110101110111
00111001000011110111
10001000001011110111
00010100011011110111
00100100000111110111
10100010000111110111
01010010000111110111
00000110100111110111
10100111010000001111
01101101110000001111
11011001001000001111
11101001101000001111
11100010011000001111
01011010111000001111
10011001111000001111
11011101000100001111
11011010100100001111
10110011100100001111
11111000010100001111
00111101010100001111
10000101110100001111
00010110101100001111
01100100011100001111
10001010011100001111
00010011011100001111
00101000111100001111
01111010000010001111
01010011100010001111
00101011100010001111
00110110010010001111
11100000110010001111
00001110110010001111
10000111001010001111
01110001011010001111
00001101011010001111
11000110000110001111
10010010110110001111
01000011001110001111
00110000101110001111
01001100101110001111
11110010000001001111
00110111100001001111
10011110010001001111
01010111001001001111
11100100101001001111
00110001101001001111
10001101101001001111
00110100011001001111
11100101000101001111
00001111000101001111
01101000100101001111
10010100100101001111
01010110010101001111
01100011010101001111
00010001110101001111
11011000001101001111
01000000111101001111
01101100000011001111
00011101000011001111
10011000100011001111
01000101110011001111
10000011110011001111
00100110001011001111
10101000011011001111
00010010011011001111
00100001111011001111
10101010000111001111
01001010010111001111
10010001001111001111
00001010101111001111
11010110000000101111
00101111000000101111
10111000100000101111
10101100010000101111
00011100110000101111
01000011110000101111
01111100001000101111
01000110101000101111
00110011101000101111
01000101011000101111
01110100100100101111
01001001100100101111
00111010010100101111
10100110001100101111
00011101001100101111
11100000101100101111
10000001011100101111
01110101000010101111
10011011000010101111
00010001110010101111
10011100001010101111
00010101001010101111
00101010011010101111
00100100111010101111
11010000000110101111
10100001000110101111
01100010100110101111
00000111010110101111
11001011000001101111
10110001010001101111
01011001010001101111
00101010110001101111
00001110001001101111
10000100111001101111
00101001000101101111
11000010010101101111
00110000001101101111
00000011101101101111
10100000100011101111
00010110100011101111
11000010001011101111
01001001001011101111
01010000101011101111
00010000010111101111
01000100001111101111
01001110100000011111
10110010010000011111
11010011010000011111
11000100110000011111
00110011110000011111
10111010001000011111
10110101001000011111
01100111001000011111
11110000101000011111
00001011101000011111
00010100111000011111
11000001100100011111
00001110010100011111
10001100001100011111
00100101101100011111
11100100000010011111
00111100100010011111
11001001010010011111
00011011010010011111
11001010001010011111
00101001001010011111
10110000011010011111
00110001000110011111
00000111100110011111
01010000110110011111
01010100001110011111
00100010011110011111
10101100000001011111
01110001000001011111
01011000100001011111
01001100011001011111
11000001011001011111
00000010111001011111
00110110000101011111
00111000010101011111
10100000001101011111
01000010001101011111
10010110000011011111
01100010100011011111
00001001110011011111
10000100101011011111
01000001000111011111
10000100010111011111
01100100100000111111
10100110100000111111
10001001100000111111
01110100010000111111
01101010010000111111
11100001010000111111
10000011001000111111
00011000011000111111
11001000000100111111
10010010100100111111
10010100010100111111
01100000110100111111
01011000000010111111
10000010110010111111
01000000011010111111
00101100000110111111
00001001010110111111
00001000101110111111
01001101000001111111
00010011000001111111
11000010100001111111
00000110010001111111
10010000001001111111
00100101001001111111
00101000101001111111
00000101100101111111
10000101000011111111
00100000010011111111
00001010000111111111
