00111010001
11001110000
10000101010
00010110101
01101101000
01000111010
11000001101
00100111001
01101000110
10010010101
10011010011
10101000101
01110100001
10001101001
10010011011
01111100010
11000101100
01101010101
00011011011
10100111010
00101110100
00000110111
00101111000
01100011001
01000010101
00011000111
10100100010
10001110001
00111101001
01010111001
01001110101
11101010000
10100010110
10101001100
10010010110
00101100011
00001001111
01100010110
11110000010
00011011100
11111000001
10100100101
10100000111
01111110000
11010001001
01001010001
10110110001
01101001010
11001100001
01001100110
00011101101
10110001001
01110001011
01011010101
11000110001
10100101110
00000101111
11000101001
00011010110
10110101010
01000001111
01111010010
00101010011
01101100001
11100011100
10011110100
10001010110
10000001111
10110011100
00110111000
01101011000
10110000101
01011110010
01001111000
00110100110
11100010011
01010001101
00001110110
01110000110
10100010101
00110010111
00000011111
01101000011
00011101010
01001101100
11110100000
11001010101
10000010111
00100110011
11001001001
10011100010
10011100001
10001011011
00101100110
10010110010
10001101100
11000011001
10101010100
01100100011
10101101010
10010001110
11000010110
00110001110
11110011000
01100101001
11100100001
11010010001
11000110100
10100110100
01011011000
01010010110
00001101110
00110011001
11010100101
11000011010
11001001010
10111100000
10011001011
11001000110
11000100111
00110100011
11000111000
11000001011
00101001011
11110001100
00111000011
11101000010
10011001100
01001010111
01001101011
11010110000
01011001001
10101011000
11100110000
01000110011
01100011010
11100001001
01101001001
00001110011
00010111110
01010101010
10101010001
10101010010
11100000101
11010011100
00101000111
00001100111
10101000011
10011000101
10001111000
01010010011
10000110011
00110101101
01000111100
01110011100
01000011110
10001011100
00001111001
01100100101
11011101000
00110110100
01001010100
11100000110
11101100100
01111001000
01010011010
11000110010
01100100110
00110011010
10010101100
10100101000
10100011001
00111101100
00010110011
10100001101
01001011101
00011111000
01100110001
00100011101
01110000101
10111000110
11011000100
00101011110
00111010100
01100110100
00101101101
00100001111
01111000100
01000101110
01110010001
10100101011
10001001110
00010011101
11011000010
11011010000
11010001010
01010110100
10101100001
11010000111
01100001110
00111001101
11010100011
00101011001
00010101011
01110101000
11100101010
00100101010
00111110010
00100110110
10001001101
10000011110
10001100011
10111010000
10010101001
01011100001
01011100100
10101110000
01001011010
00001111100
00011110001
01110110010
10011011010
00100110101
00001010101
01001000101
10110010010
10000110110
11001000011
01100000111
10001100101
11001001100
01000101101
10000111101
01101110010
10010100111
01011000011
10010111000
00111100101
11001100010
00000111011
00111001010
00010001111
00001111010
11110010100
01010100111
10111001000
11001010010
00100111100
11101001000
00100011011
00011100110
10100001010
01101001100
10011011001
01010101100
10110000011
01100101100
01011001110
01000011011
10110100100
10001100110
11010100110
