111111000000000
111110100000000
111101100000000
111011100000000
110111100000000
101111100000000
011111100000000
111111110000000
111111101000000
011110011000000
110101011000000
101011011000000
101100111000000
110010111000000
011001111000000
000111111000000
111111100100000
110110010100000
101101010100000
011011010100000
011100110100000
101010110100000
110001110100000
000111110100000
101110001100000
011101001100000
110011001100000
110100101100000
011010101100000
101001101100000
000111101100000
111000011100000
000111011100000
000110111100000
000101111100000
000011111100000
100111111100000
010111111100000
001111111100000
111111100010000
101110010010000
011101010010000
110011010010000
110100110010000
011010110010000
101001110010000
000111110010000
110110001010000
101101001010000
011011001010000
011100101010000
101010101010000
110001101010000
000111101010000
111000011010000
000111011010000
000110111010000
000101111010000
000011111010000
100111111010000
010111111010000
001111111010000
011110000110000
110101000110000
101011000110000
101100100110000
110010100110000
011001100110000
000111100110000
111000010110000
000111010110000
000110110110000
000101110110000
000011110110000
100111110110000
010111110110000
001111110110000
111000001110000
000111001110000
000110101110000
000101101110000
000011101110000
100111101110000
010111101110000
001111101110000
110000011110000
101000011110000
011000011110000
111100011110000
111010011110000
000110011110000
111001011110000
000101011110000
000011011110000
100111011110000
010111011110000
001111011110000
111000111110000
000100111110000
000010111110000
100110111110000
010110111110000
001110111110000
000001111110000
100101111110000
010101111110000
001101111110000
100011111110000
010011111110000
001011111110000
111111100001000
111100010001000
110011010001000
001111010001000
101010110001000
010110110001000
011001110001000
100101110001000
111010001001000
101101001001000
010111001001000
110100101001000
001110101001000
011001101001000
100011101001000
100110011001000
011001011001000
011000111001000
010001111001000
001001111001000
111001111001000
011101111001000
011011111001000
011110000101000
111001000101000
100111000101000
110100100101000
101010100101000
001101100101000
010011100101000
101010010101000
010101010101000
101000110101000
100010110101000
001010110101000
111010110101000
101110110101000
101011110101000
110100001101000
001011001101000
110000101101000
100100101101000
010100101101000
111100101101000
110110101101000
110101101101000
001100011101000
010010011101000
100001011101000
111111011101000
110100111101000
101010111101000
011001111101000
000111111101000
011110000011000
101101000011000
110011000011000
111000100011000
100110100011000
010101100011000
001011100011000
110010010011000
110001010011000
100011010011000
010011010011000
111011010011000
110111010011000
001100110011000
110011110011000
101100001011000
101001001011000
100101001011000
001101001011000
111101001011000
101111001011000
010010101011000
101101101011000
010100011011000
001010011011000
101101011011000
110011011011000
100000111011000
111110111011000
011001111011000
000111111011000
011100000111000
011010000111000
010110000111000
001110000111000
111110000111000
011111000111000
011110100111000
100001100111000
100100010111000
011110010111000
001001010111000
110011010111000
010000110111000
101010110111000
111101110111000
000111110111000
100010001111000
011110001111000
010001001111000
101101001111000
001000101111000
110100101111000
111011101111000
000111101111000
111000011111000
000111011111000
000110111111000
000101111111000
000011111111000
111111100000100
111010010000100
101101010000100
010111010000100
110100110000100
001110110000100
011001110000100
100011110000100
111100001000100
110011001000100
001111001000100
101010101000100
010110101000100
011001101000100
100101101000100
100110011000100
011001011000100
011000111000100
010001111000100
001001111000100
111001111000100
011101111000100
011011111000100
011110000100100
101101000100100
110011000100100
111000100100100
100110100100100
010101100100100
001011100100100
101100010100100
101001010100100
100101010100100
001101010100100
111101010100100
101111010100100
010010110100100
101101110100100
110010001100100
110001001100100
100011001100100
010011001100100
111011001100100
110111001100100
001100101100100
110011101100100
010100011100100
001010011100100
101101011100100
110011011100100
100000111100100
111110111100100
011001111100100
000111111100100
011110000010100
111001000010100
100111000010100
110100100010100
101010100010100
001101100010100
010011100010100
110100010010100
001011010010100
110000110010100
100100110010100
010100110010100
111100110010100
110110110010100
110101110010100
101010001010100
010101001010100
101000101010100
100010101010100
001010101010100
111010101010100
101110101010100
101011101010100
001100011010100
010010011010100
100001011010100
111111011010100
110100111010100
101010111010100
011001111010100
000111111010100
011100000110100
011010000110100
010110000110100
001110000110100
111110000110100
011111000110100
011110100110100
100001100110100
100010010110100
011110010110100
010001010110100
101101010110100
001000110110100
110100110110100
111011110110100
000111110110100
100100001110100
011110001110100
001001001110100
110011001110100
010000101110100
101010101110100
111101101110100
000111101110100
111000011110100
000111011110100
000110111110100
000101111110100
000011111110100
011110000001100
110101000001100
101011000001100
101100100001100
110010100001100
011001100001100
000111100001100
100110010001100
011001010001100
011000110001100
010001110001100
001001110001100
111001110001100
011101110001100
011011110001100
100110001001100
011001001001100
011000101001100
010001101001100
001001101001100
111001101001100
011101101001100
011011101001100
011000011001100
100100011001100
100010011001100
000110011001100
110110011001100
101110011001100
010001011001100
001001011001100
111001011001100
011101011001100
011011011001100
100111011001100
010000111001100
001000111001100
111000111001100
011100111001100
011010111001100
100110111001100
000001111001100
110001111001100
101001111001100
010101111001100
001101111001100
010011111001100
001011111001100
011100000101100
011010000101100
010110000101100
001110000101100
111110000101100
011111000101100
011110100101100
100001100101100
110000010101100
011110010101100
101101010101100
000011010101100
000100110101100
101010110101100
011001110101100
110111110101100
101000001101100
011110001101100
000101001101100
110011001101100
110100101101100
000010101101100
011001101101100
101111101101100
100110011101100
011001011101100
011000111101100
010001111101100
001001111101100
011100000011100
011010000011100
010110000011100
001110000011100
111110000011100
011111000011100
011110100011100
100001100011100
101000010011100
011110010011100
000101010011100
110011010011100
110100110011100
000010110011100
011001110011100
101111110011100
110000001011100
011110001011100
101101001011100
000011001011100
000100101011100
101010101011100
011001101011100
110111101011100
100110011011100
011001011011100
011000111011100
010001111011100
001001111011100
011000000111100
010100000111100
001100000111100
111100000111100
010010000111100
001010000111100
111010000111100
000110000111100
110110000111100
101110000111100
100001000111100
011101000111100
011011000111100
010111000111100
001111000111100
100000100111100
011100100111100
011010100111100
010110100111100
001110100111100
000001100111100
110001100111100
101001100111100
100101100111100
100011100111100
011100010111100
011010010111100
010110010111100
001110010111100
100001110111100
011100001111100
011010001111100
010110001111100
001110001111100
100001101111100
000000011111100
110101011111100
101011011111100
101100111111100
110010111111100
111111100000010
011110010000010
111001010000010
100111010000010
110100110000010
101010110000010
001101110000010
010011110000010
011110001000010
101101001000010
110011001000010
111000101000010
100110101000010
010101101000010
001011101000010
011100011000010
011010011000010
010110011000010
001110011000010
111110011000010
011111011000010
011110111000010
100001111000010
111100000100010
110011000100010
001111000100010
101010100100010
010110100100010
011001100100010
100101100100010
101010010100010
010101010100010
101000110100010
100010110100010
001010110100010
111010110100010
101110110100010
101011110100010
110010001100010
110001001100010
100011001100010
010011001100010
111011001100010
110111001100010
001100101100010
110011101100010
100100011100010
011110011100010
001001011100010
110011011100010
010000111100010
101010111100010
111101111100010
000111111100010
111010000010010
101101000010010
010111000010010
110100100010010
001110100010010
011001100010010
100011100010010
110100010010010
001011010010010
110000110010010
100100110010010
010100110010010
111100110010010
110110110010010
110101110010010
101100001010010
101001001010010
100101001010010
001101001010010
111101001010010
101111001010010
010010101010010
101101101010010
100010011010010
011110011010010
010001011010010
101101011010010
001000111010010
110100111010010
111011111010010
000111111010010
100110000110010
011001000110010
011000100110010
010001100110010
001001100110010
111001100110010
011101100110010
011011100110010
001100010110010
010010010110010
100001010110010
111111010110010
110100110110010
101010110110010
011001110110010
000111110110010
010100001110010
001010001110010
101101001110010
110011001110010
100000101110010
111110101110010
011001101110010
000111101110010
111000011110010
000111011110010
000110111110010
000101111110010
000011111110010
110110000001010
101101000001010
011011000001010
011100100001010
101010100001010
110001100001010
000111100001010
101010010001010
010101010001010
101000110001010
100010110001010
001010110001010
111010110001010
101110110001010
101011110001010
101100001001010
101001001001010
100101001001010
001101001001010
111101001001010
101111001001010
010010101001010
101101101001010
110000011001010
011110011001010
101101011001010
000011011001010
000100111001010
101010111001010
011001111001010
110111111001010
101010000101010
010101000101010
101000100101010
100010100101010
001010100101010
111010100101010
101110100101010
101011100101010
101000010101010
010100010101010
100010010101010
001010010101010
111010010101010
101110010101010
010001010101010
000101010101010
110101010101010
011101010101010
101011010101010
010111010101010
100000110101010
001000110101010
111000110101010
101100110101010
000010110101010
110010110101010
011010110101010
100110110101010
001110110101010
101001110101010
010101110101010
100011110101010
001011110101010
011000001101010
000110001101010
101101001101010
110011001101010
110100101101010
101010101101010
000001101101010
011111101101010
101010011101010
010101011101010
101000111101010
100010111101010
001010111101010
101100000011010
101001000011010
100101000011010
001101000011010
111101000011010
101111000011010
010010100011010
101101100011010
011000010011010
000110010011010
101101010011010
110011010011010
110100110011010
101010110011010
000001110011010
011111110011010
101000001011010
100100001011010
001100001011010
111100001011010
010010001011010
101110001011010
100001001011010
001001001011010
111001001011010
000101001011010
110101001011010
011101001011010
101011001011010
100111001011010
001111001011010
010000101011010
101100101011010
000010101011010
110010101011010
011010101011010
010110101011010
101001101011010
100101101011010
001101101011010
010011101011010
101100011011010
101001011011010
100101011011010
001101011011010
010010111011010
110000000111010
011110000111010
101101000111010
000011000111010
000100100111010
101010100111010
011001100111010
110111100111010
101010010111010
010101010111010
101000110111010
100010110111010
001010110111010
101100001111010
101001001111010
100101001111010
001101001111010
010010101111010
000000011111010
110110011111010
011011011111010
011100111111010
110001111111010
101110000000110
011101000000110
110011000000110
110100100000110
011010100000110
101001100000110
000111100000110
110100010000110
001011010000110
110000110000110
100100110000110
010100110000110
111100110000110
110110110000110
110101110000110
110010001000110
110001001000110
100011001000110
010011001000110
111011001000110
110111001000110
001100101000110
110011101000110
101000011000110
011110011000110
000101011000110
110011011000110
110100111000110
000010111000110
011001111000110
101111111000110
110010000100110
110001000100110
100011000100110
010011000100110
111011000100110
110111000100110
001100100100110
110011100100110
011000010100110
000110010100110
101101010100110
110011010100110
110100110100110
101010110100110
000001110100110
011111110100110
110000001100110
001100001100110
100010001100110
010010001100110
111010001100110
110110001100110
100001001100110
010001001100110
111001001100110
110101001100110
000011001100110
101011001100110
011011001100110
100111001100110
010111001100110
001000101100110
000100101100110
101100101100110
011100101100110
110010101100110
001110101100110
110001101100110
001101101100110
100011101100110
010011101100110
110010011100110
110001011100110
100011011100110
010011011100110
001100111100110
110100000010110
001011000010110
110000100010110
100100100010110
010100100010110
111100100010110
110110100010110
110101100010110
110000010010110
100100010010110
010100010010110
111100010010110
001010010010110
110110010010110
001001010010110
110101010010110
000011010010110
101011010010110
011011010010110
001111010010110
100000110010110
010000110010110
111000110010110
000100110010110
101100110010110
011100110010110
110010110010110
100110110010110
010110110010110
110001110010110
100101110010110
010101110010110
001011110010110
011000001010110
000110001010110
101101001010110
110011001010110
110100101010110
101010101010110
000001101010110
011111101010110
110100011010110
001011011010110
110000111010110
100100111010110
010100111010110
101000000110110
011110000110110
000101000110110
110011000110110
110100100110110
000010100110110
011001100110110
101111100110110
110100010110110
001011010110110
110000110110110
100100110110110
010100110110110
110010001110110
110001001110110
100011001110110
010011001110110
001100101110110
000000011110110
101110011110110
011101011110110
011010111110110
101001111110110
111000000001110
000111000001110
000110100001110
000101100001110
000011100001110
100111100001110
010111100001110
001111100001110
001100010001110
010010010001110
100001010001110
111111010001110
110100110001110
101010110001110
011001110001110
000111110001110
010100001001110
001010001001110
101101001001110
110011001001110
100000101001110
111110101001110
011001101001110
000111101001110
100110011001110
011001011001110
011000111001110
010001111001110
001001111001110
100100000101110
011110000101110
001001000101110
110011000101110
010000100101110
101010100101110
111101100101110
000111100101110
101010010101110
010101010101110
101000110101110
100010110101110
001010110101110
110010001101110
110001001101110
100011001101110
010011001101110
001100101101110
000000011101110
111100011101110
001111011101110
010110111101110
100101111101110
100010000011110
011110000011110
010001000011110
101101000011110
001000100011110
110100100011110
111011100011110
000111100011110
110100010011110
001011010011110
110000110011110
100100110011110
010100110011110
101100001011110
101001001011110
100101001011110
001101001011110
010010101011110
000000011011110
111010011011110
010111011011110
001110111011110
100011111011110
011100000111110
011010000111110
010110000111110
001110000111110
100001100111110
000000010111110
111001010111110
100111010111110
001101110111110
010011110111110
000000001111110
111000101111110
100110101111110
010101101111110
001011101111110
100000011111110
010000011111110
001000011111110
000100011111110
000010011111110
000001011111110
000000111111110
111111100000001
011110010000001
101101010000001
110011010000001
111000110000001
100110110000001
010101110000001
001011110000001
011110001000001
111001001000001
100111001000001
110100101000001
101010101000001
001101101000001
010011101000001
011100011000001
011010011000001
010110011000001
001110011000001
111110011000001
011111011000001
011110111000001
100001111000001
111010000100001
101101000100001
010111000100001
110100100100001
001110100100001
011001100100001
100011100100001
101100010100001
101001010100001
100101010100001
001101010100001
111101010100001
101111010100001
010010110100001
101101110100001
110100001100001
001011001100001
110000101100001
100100101100001
010100101100001
111100101100001
110110101100001
110101101100001
100010011100001
011110011100001
010001011100001
101101011100001
001000111100001
110100111100001
111011111100001
000111111100001
111100000010001
110011000010001
001111000010001
101010100010001
010110100010001
011001100010001
100101100010001
110010010010001
110001010010001
100011010010001
010011010010001
111011010010001
110111010010001
001100110010001
110011110010001
101010001010001
010101001010001
101000101010001
100010101010001
001010101010001
111010101010001
101110101010001
101011101010001
100100011010001
011110011010001
001001011010001
110011011010001
010000111010001
101010111010001
111101111010001
000111111010001
100110000110001
011001000110001
011000100110001
010001100110001
001001100110001
111001100110001
011101100110001
011011100110001
010100010110001
001010010110001
101101010110001
110011010110001
100000110110001
111110110110001
011001110110001
000111110110001
001100001110001
010010001110001
100001001110001
111111001110001
110100101110001
101010101110001
011001101110001
000111101110001
111000011110001
000111011110001
000110111110001
000101111110001
000011111110001
101110000001001
011101000001001
110011000001001
110100100001001
011010100001001
101001100001001
000111100001001
110010010001001
110001010001001
100011010001001
010011010001001
111011010001001
110111010001001
001100110001001
110011110001001
110100001001001
001011001001001
110000101001001
100100101001001
010100101001001
111100101001001
110110101001001
110101101001001
101000011001001
011110011001001
000101011001001
110011011001001
110100111001001
000010111001001
011001111001001
101111111001001
110100000101001
001011000101001
110000100101001
100100100101001
010100100101001
111100100101001
110110100101001
110101100101001
011000010101001
000110010101001
101101010101001
110011010101001
110100110101001
101010110101001
000001110101001
011111110101001
110000001101001
100100001101001
010100001101001
111100001101001
001010001101001
110110001101001
001001001101001
110101001101001
000011001101001
101011001101001
011011001101001
001111001101001
100000101101001
010000101101001
111000101101001
000100101101001
101100101101001
011100101101001
110010101101001
100110101101001
010110101101001
110001101101001
100101101101001
010101101101001
001011101101001
110100011101001
001011011101001
110000111101001
100100111101001
010100111101001
110010000011001
110001000011001
100011000011001
010011000011001
111011000011001
110111000011001
001100100011001
110011100011001
110000010011001
001100010011001
100010010011001
010010010011001
111010010011001
110110010011001
100001010011001
010001010011001
111001010011001
110101010011001
000011010011001
101011010011001
011011010011001
100111010011001
010111010011001
001000110011001
000100110011001
101100110011001
011100110011001
110010110011001
001110110011001
110001110011001
001101110011001
100011110011001
010011110011001
011000001011001
000110001011001
101101001011001
110011001011001
110100101011001
101010101011001
000001101011001
011111101011001
110010011011001
110001011011001
100011011011001
010011011011001
001100111011001
101000000111001
011110000111001
000101000111001
110011000111001
110100100111001
000010100111001
011001100111001
101111100111001
110010010111001
110001010111001
100011010111001
010011010111001
001100110111001
110100001111001
001011001111001
110000101111001
100100101111001
010100101111001
000000011111001
101110011111001
011101011111001
011010111111001
101001111111001
110110000000101
101101000000101
011011000000101
011100100000101
101010100000101
110001100000101
000111100000101
101100010000101
101001010000101
100101010000101
001101010000101
111101010000101
101111010000101
010010110000101
101101110000101
101010001000101
010101001000101
101000101000101
100010101000101
001010101000101
111010101000101
101110101000101
101011101000101
110000011000101
011110011000101
101101011000101
000011011000101
000100111000101
101010111000101
011001111000101
110111111000101
101100000100101
101001000100101
100101000100101
001101000100101
111101000100101
101111000100101
010010100100101
101101100100101
101000010100101
100100010100101
001100010100101
111100010100101
010010010100101
101110010100101
100001010100101
001001010100101
111001010100101
000101010100101
110101010100101
011101010100101
101011010100101
100111010100101
001111010100101
010000110100101
101100110100101
000010110100101
110010110100101
011010110100101
010110110100101
101001110100101
100101110100101
001101110100101
010011110100101
011000001100101
000110001100101
101101001100101
110011001100101
110100101100101
101010101100101
000001101100101
011111101100101
101100011100101
101001011100101
100101011100101
001101011100101
010010111100101
101010000010101
010101000010101
101000100010101
100010100010101
001010100010101
111010100010101
101110100010101
101011100010101
011000010010101
000110010010101
101101010010101
110011010010101
110100110010101
101010110010101
000001110010101
011111110010101
101000001010101
010100001010101
100010001010101
001010001010101
111010001010101
101110001010101
010001001010101
000101001010101
110101001010101
011101001010101
101011001010101
010111001010101
100000101010101
001000101010101
111000101010101
101100101010101
000010101010101
110010101010101
011010101010101
100110101010101
001110101010101
101001101010101
010101101010101
100011101010101
001011101010101
101010011010101
010101011010101
101000111010101
100010111010101
001010111010101
110000000110101
011110000110101
101101000110101
000011000110101
000100100110101
101010100110101
011001100110101
110111100110101
101100010110101
101001010110101
100101010110101
001101010110101
010010110110101
101010001110101
010101001110101
101000101110101
100010101110101
001010101110101
000000011110101
110110011110101
011011011110101
011100111110101
110001111110101
111000000001101
000111000001101
000110100001101
000101100001101
000011100001101
100111100001101
010111100001101
001111100001101
010100010001101
001010010001101
101101010001101
110011010001101
100000110001101
111110110001101
011001110001101
000111110001101
001100001001101
010010001001101
100001001001101
111111001001101
110100101001101
101010101001101
011001101001101
000111101001101
100110011001101
011001011001101
011000111001101
010001111001101
001001111001101
100010000101101
011110000101101
010001000101101
101101000101101
001000100101101
110100100101101
111011100101101
000111100101101
101100010101101
101001010101101
100101010101101
001101010101101
010010110101101
110100001101101
001011001101101
110000101101101
100100101101101
010100101101101
000000011101101
111010011101101
010111011101101
001110111101101
100011111101101
100100000011101
011110000011101
001001000011101
110011000011101
010000100011101
101010100011101
111101100011101
000111100011101
110010010011101
110001010011101
100011010011101
010011010011101
001100110011101
101010001011101
010101001011101
101000101011101
100010101011101
001010101011101
000000011011101
111100011011101
001111011011101
010110111011101
100101111011101
011100000111101
011010000111101
010110000111101
001110000111101
100001100111101
000000010111101
111000110111101
100110110111101
010101110111101
001011110111101
000000001111101
111001001111101
100111001111101
001101101111101
010011101111101
100000011111101
010000011111101
001000011111101
000100011111101
000010011111101
000001011111101
000000111111101
011110000000011
110101000000011
101011000000011
101100100000011
110010100000011
011001100000011
000111100000011
011100010000011
011010010000011
010110010000011
001110010000011
111110010000011
011111010000011
011110110000011
100001110000011
011100001000011
011010001000011
010110001000011
001110001000011
111110001000011
011111001000011
011110101000011
100001101000011
011000011000011
010100011000011
001100011000011
111100011000011
010010011000011
001010011000011
111010011000011
000110011000011
110110011000011
101110011000011
100001011000011
011101011000011
011011011000011
010111011000011
001111011000011
100000111000011
011100111000011
011010111000011
010110111000011
001110111000011
000001111000011
110001111000011
101001111000011
100101111000011
100011111000011
100110000100011
011001000100011
011000100100011
010001100100011
001001100100011
111001100100011
011101100100011
011011100100011
110000010100011
011110010100011
101101010100011
000011010100011
000100110100011
101010110100011
011001110100011
110111110100011
101000001100011
011110001100011
000101001100011
110011001100011
110100101100011
000010101100011
011001101100011
101111101100011
011100011100011
011010011100011
010110011100011
001110011100011
100001111100011
100110000010011
011001000010011
011000100010011
010001100010011
001001100010011
111001100010011
011101100010011
011011100010011
101000010010011
011110010010011
000101010010011
110011010010011
110100110010011
000010110010011
011001110010011
101111110010011
110000001010011
011110001010011
101101001010011
000011001010011
000100101010011
101010101010011
011001101010011
110111101010011
011100011010011
011010011010011
010110011010011
001110011010011
100001111010011
011000000110011
100100000110011
100010000110011
000110000110011
110110000110011
101110000110011
010001000110011
001001000110011
111001000110011
011101000110011
011011000110011
100111000110011
010000100110011
001000100110011
111000100110011
011100100110011
011010100110011
100110100110011
000001100110011
110001100110011
101001100110011
010101100110011
001101100110011
010011100110011
001011100110011
100110010110011
011001010110011
011000110110011
010001110110011
001001110110011
100110001110011
011001001110011
011000101110011
010001101110011
001001101110011
000000011110011
110101011110011
101011011110011
101100111110011
110010111110011
111000000001011
000111000001011
000110100001011
000101100001011
000011100001011
100111100001011
010111100001011
001111100001011
100100010001011
011110010001011
001001010001011
110011010001011
010000110001011
101010110001011
111101110001011
000111110001011
100010001001011
011110001001011
010001001001011
101101001001011
001000101001011
110100101001011
111011101001011
000111101001011
011100011001011
011010011001011
010110011001011
001110011001011
100001111001011
001100000101011
010010000101011
100001000101011
111111000101011
110100100101011
101010100101011
011001100101011
000111100101011
101010010101011
010101010101011
101000110101011
100010110101011
001010110101011
110100001101011
001011001101011
110000101101011
100100101101011
010100101101011
000000011101011
111001011101011
100111011101011
001101111101011
010011111101011
010100000011011
001010000011011
101101000011011
110011000011011
100000100011011
111110100011011
011001100011011
000111100011011
110010010011011
110001010011011
100011010011011
010011010011011
001100110011011
101100001011011
101001001011011
100101001011011
001101001011011
010010101011011
000000011011011
111000111011011
100110111011011
010101111011011
001011111011011
100110000111011
011001000111011
011000100111011
010001100111011
001001100111011
000000010111011
111100010111011
001111010111011
010110110111011
100101110111011
000000001111011
111010001111011
010111001111011
001110101111011
100011101111011
100000011111011
010000011111011
001000011111011
000100011111011
000010011111011
000001011111011
000000111111011
111000000000111
000111000000111
000110100000111
000101100000111
000011100000111
100111100000111
010111100000111
001111100000111
100010010000111
011110010000111
010001010000111
101101010000111
001000110000111
110100110000111
111011110000111
000111110000111
100100001000111
011110001000111
001001001000111
110011001000111
010000101000111
101010101000111
111101101000111
000111101000111
011100011000111
011010011000111
010110011000111
001110011000111
100001111000111
010100000100111
001010000100111
101101000100111
110011000100111
100000100100111
111110100100111
011001100100111
000111100100111
101100010100111
101001010100111
100101010100111
001101010100111
010010110100111
110010001100111
110001001100111
100011001100111
010011001100111
001100101100111
000000011100111
111000111100111
100110111100111
010101111100111
001011111100111
001100000010111
010010000010111
100001000010111
111111000010111
110100100010111
101010100010111
011001100010111
000111100010111
110100010010111
001011010010111
110000110010111
100100110010111
010100110010111
101010001010111
010101001010111
101000101010111
100010101010111
001010101010111
000000011010111
111001011010111
100111011010111
001101111010111
010011111010111
100110000110111
011001000110111
011000100110111
010001100110111
001001100110111
000000010110111
111010010110111
010111010110111
001110110110111
100011110110111
000000001110111
111100001110111
001111001110111
010110101110111
100101101110111
100000011110111
010000011110111
001000011110111
000100011110111
000010011110111
000001011110111
000000111110111
110000000001111
101000000001111
011000000001111
111100000001111
111010000001111
000110000001111
111001000001111
000101000001111
000011000001111
100111000001111
010111000001111
001111000001111
111000100001111
000100100001111
000010100001111
100110100001111
010110100001111
001110100001111
000001100001111
100101100001111
010101100001111
001101100001111
100011100001111
010011100001111
001011100001111
111000010001111
000111010001111
000110110001111
000101110001111
000011110001111
111000001001111
000111001001111
000110101001111
000101101001111
000011101001111
000000011001111
110101011001111
101011011001111
101100111001111
110010111001111
111000000101111
000111000101111
000110100101111
000101100101111
000011100101111
000000010101111
110110010101111
011011010101111
011100110101111
110001110101111
000000001101111
101110001101111
011101001101111
011010101101111
101001101101111
100000011101111
010000011101111
001000011101111
000100011101111
000010011101111
000001011101111
000000111101111
111000000011111
000111000011111
000110100011111
000101100011111
000011100011111
000000010011111
101110010011111
011101010011111
011010110011111
101001110011111
000000001011111
110110001011111
011011001011111
011100101011111
110001101011111
100000011011111
010000011011111
001000011011111
000100011011111
000010011011111
000001011011111
000000111011111
000000000111111
110101000111111
101011000111111
101100100111111
110010100111111
100000010111111
010000010111111
001000010111111
000100010111111
000010010111111
000001010111111
000000110111111
100000001111111
010000001111111
001000001111111
000100001111111
000010001111111
000001001111111
000000101111111
