0001001011111
0010011110011
0010111011100
0011010101110
0011100110101
0100100111110
0101011111000
0101101100011
0110110101001
0111011000101
0111110010010
1000010111101
1000111101010
1001111010001
1010100011011
1011001101001
1011101000110
1100011010110
1100101001101
1101010001011
1101110100100
1110000100111
1110101110000
1111000011100
0001110111011
0001111101101
0001111110110
0010101101111
0011101111010
0011111001011
0100011101111
0100111011011
0100111110101
0101010110111
0101110011101
0101111001110
0110001111101
0110010011111
0110101010111
0110111100110
0111000111011
0111001110110
0111100001111
0111101011001
0111101101100
1000101110111
1001011100111
1001100101111
1001101111100
1001110011110
1010001111110
1010011001111
1010110110110
1010111100101
1011010010111
1011011011010
1011011110100
1011110001101
1011110100011
1011110111000
1100001111011
1100110110011
1101001101110
1101001110101
1101100010111
1101100111001
1101101011010
1110010111010
1110011011001
1110011101100
1110110001110
1110110010101
1110111000011
1111001010011
1111010110001
1111011100010
1111100101010
1111111001000
0010110111111
0011011111101
0011111010111
0110111111010
0111011011110
0111011101011
0111110100111
0111110111100
0111111110001
1000111011111
1001011111011
1010111111001
1011000111111
1011101011101
1011101110011
1100110101111
1100111111100
1101010111110
1101011011101
1101111000111
1101111101001
1101111110010
1110100111101
1110101011110
1110101101011
1111001001111
1111010101101
1111100110110
1111101100101
1111111010100
0101101111111
1011111101110
1110011110111
1111110011011
