111111100000000
110101011000000
101011011000000
101100111000000
110010111000000
110110010100000
011011010100000
011100110100000
110001110100000
101110001100000
011101001100000
011010101100000
101001101100000
000111111100000
101110010010000
011101010010000
011010110010000
101001110010000
110110001010000
011011001010000
011100101010000
110001101010000
000111111010000
110101000110000
101011000110000
101100100110000
110010100110000
000111110110000
000111101110000
111000011110000
000111011110000
000110111110000
000101111110000
000011111110000
111100010001000
001111010001000
010110110001000
100101110001000
111010001001000
010111001001000
001110101001000
100011101001000
011001111001000
111001000101000
100111000101000
001101100101000
010011100101000
101010110101000
110100101101000
001100011101000
010010011101000
100001011101000
111000100011000
100110100011000
010101100011000
001011100011000
110011010011000
101101001011000
010100011011000
001010011011000
100000111011000
011110000111000
100100010111000
001001010111000
010000110111000
100010001111000
010001001111000
001000101111000
111010010000100
010111010000100
001110110000100
100011110000100
111100001000100
001111001000100
010110101000100
100101101000100
011001111000100
111000100100100
100110100100100
010101100100100
001011100100100
101101010100100
110011001100100
010100011100100
001010011100100
100000111100100
111001000010100
100111000010100
001101100010100
010011100010100
110100110010100
101010101010100
001100011010100
010010011010100
100001011010100
011110000110100
100010010110100
010001010110100
001000110110100
100100001110100
001001001110100
010000101110100
110101000001100
101011000001100
101100100001100
110010100001100
011001110001100
011001101001100
100110011001100
011001011001100
011000111001100
010001111001100
001001111001100
011110000101100
110000010101100
000011010101100
000100110101100
101000001101100
000101001101100
000010101101100
011110000011100
101000010011100
000101010011100
000010110011100
110000001011100
000011001011100
000100101011100
011100000111100
011010000111100
010110000111100
001110000111100
100001100111100
111001010000010
100111010000010
001101110000010
010011110000010
111000101000010
100110101000010
010101101000010
001011101000010
011110011000010
111100000100010
001111000100010
010110100100010
100101100100010
101010110100010
110011001100010
100100011100010
001001011100010
010000111100010
111010000010010
010111000010010
001110100010010
100011100010010
110100110010010
101101001010010
100010011010010
010001011010010
001000111010010
011001100110010
001100010110010
010010010110010
100001010110010
010100001110010
001010001110010
100000101110010
110110000001010
011011000001010
011100100001010
110001100001010
101010110001010
101101001001010
110000011001010
000011011001010
000100111001010
101010100101010
101010010101010
010101010101010
101000110101010
100010110101010
001010110101010
011000001101010
000110001101010
000001101101010
101101000011010
011000010011010
000110010011010
000001110011010
101100001011010
101001001011010
100101001011010
001101001011010
010010101011010
110000000111010
000011000111010
000100100111010
101110000000110
011101000000110
011010100000110
101001100000110
110100110000110
110011001000110
101000011000110
000101011000110
000010111000110
110011000100110
011000010100110
000110010100110
000001110100110
110010001100110
110001001100110
100011001100110
010011001100110
001100101100110
110100100010110
110100010010110
001011010010110
110000110010110
100100110010110
010100110010110
011000001010110
000110001010110
000001101010110
101000000110110
000101000110110
000010100110110
000111100001110
001100010001110
010010010001110
100001010001110
010100001001110
001010001001110
100000101001110
100100000101110
001001000101110
010000100101110
100010000011110
010001000011110
001000100011110
000000011111110
111000110000001
100110110000001
010101110000001
001011110000001
111001001000001
100111001000001
001101101000001
010011101000001
011110011000001
111010000100001
010111000100001
001110100100001
100011100100001
101101010100001
110100101100001
100010011100001
010001011100001
001000111100001
111100000010001
001111000010001
010110100010001
100101100010001
110011010010001
101010101010001
100100011010001
001001011010001
010000111010001
011001100110001
010100010110001
001010010110001
100000110110001
001100001110001
010010001110001
100001001110001
101110000001001
011101000001001
011010100001001
101001100001001
110011010001001
110100101001001
101000011001001
000101011001001
000010111001001
110100100101001
011000010101001
000110010101001
000001110101001
110100001101001
001011001101001
110000101101001
100100101101001
010100101101001
110011000011001
110010010011001
110001010011001
100011010011001
010011010011001
001100110011001
011000001011001
000110001011001
000001101011001
101000000111001
000101000111001
000010100111001
110110000000101
011011000000101
011100100000101
110001100000101
101101010000101
101010101000101
110000011000101
000011011000101
000100111000101
101101000100101
101100010100101
101001010100101
100101010100101
001101010100101
010010110100101
011000001100101
000110001100101
000001101100101
101010100010101
011000010010101
000110010010101
000001110010101
101010001010101
010101001010101
101000101010101
100010101010101
001010101010101
110000000110101
000011000110101
000100100110101
000111100001101
010100010001101
001010010001101
100000110001101
001100001001101
010010001001101
100001001001101
100010000101101
010001000101101
001000100101101
100100000011101
001001000011101
010000100011101
000000011111101
110101000000011
101011000000011
101100100000011
110010100000011
011110010000011
011110001000011
011100011000011
011010011000011
010110011000011
001110011000011
100001111000011
011001100100011
110000010100011
000011010100011
000100110100011
101000001100011
000101001100011
000010101100011
011001100010011
101000010010011
000101010010011
000010110010011
110000001010011
000011001010011
000100101010011
100110000110011
011001000110011
011000100110011
010001100110011
001001100110011
000111100001011
100100010001011
001001010001011
010000110001011
100010001001011
010001001001011
001000101001011
001100000101011
010010000101011
100001000101011
010100000011011
001010000011011
100000100011011
000000011111011
000111100000111
100010010000111
010001010000111
001000110000111
100100001000111
001001001000111
010000101000111
010100000100111
001010000100111
100000100100111
001100000010111
010010000010111
100001000010111
000000011110111
111000000001111
000111000001111
000110100001111
000101100001111
000011100001111
000000011101111
000000011011111
000000010111111
000000001111111
