11011111011000000
01101111101100000
00110111110110000
00011011111011000
00001101111101100
00000110111110110
00000011011111011
10000001101111101
11000000110111110
01100000011011111
10110000001101111
11011000000110111
11101100000011011
11110110000001101
11111011000000110
01111101100000011
10111110110000001
11110010101010100
01111001010101010
00111100101010101
10011110010101010
01001111001010101
10100111100101010
01010011110010101
10101001111001010
01010100111100101
10101010011110010
01010101001111001
10101010100111100
01010101010011110
00101010101001111
10010101010100111
11001010101010011
11100101010101001
11011000011011010
01101100001101101
10110110000110110
01011011000011011
10101101100001101
11010110110000110
01101011011000011
10110101101100001
11011010110110000
01101101011011000
00110110101101100
00011011010110110
00001101101011011
10000110110101101
11000011011010110
01100001101101011
10110000110110101
10111011000110001
11011101100011000
01101110110001100
00110111011000110
00011011101100011
10001101110110001
11000110111011000
01100011011101100
00110001101110110
00011000110111011
10001100011011101
11000110001101110
01100011000110111
10110001100011011
11011000110001101
11101100011000110
01110110001100011
11010100100101011
11101010010010101
11110101001001010
01111010100100101
10111101010010010
01011110101001001
10101111010100100
01010111101010010
00101011110101001
10010101111010100
01001010111101010
00100101011110101
10010010101111010
01001001010111101
10100100101011110
01010010010101111
10101001001010111
11110011110001000
01111001111000100
00111100111100010
00011110011110001
10001111001111000
01000111100111100
00100011110011110
00010001111001111
10001000111100111
11000100011110011
11100010001111001
11110001000111100
01111000100011110
00111100010001111
10011110001000111
11001111000100011
11100111100010001
11101001100110010
01110100110011001
10111010011001100
01011101001100110
00101110100110011
10010111010011001
11001011101001100
01100101110100110
00110010111010011
10011001011101001
11001100101110100
01100110010111010
00110011001011101
10011001100101110
01001100110010111
10100110011001011
11010011001100101
10001111100010110
01000111110001011
10100011111000101
11010001111100010
01101000111110001
10110100011111000
01011010001111100
00101101000111110
00010110100011111
10001011010001111
11000101101000111
11100010110100011
11110001011010001
11111000101101000
01111100010110100
00111110001011010
00011111000101101
10111001110100000
01011100111010000
00101110011101000
00010111001110100
00001011100111010
00000101110011101
10000010111001110
01000001011100111
10100000101110011
11010000010111001
11101000001011100
01110100000101110
00111010000010111
10011101000001011
11001110100000101
11100111010000010
01110011101000001
10001011011010001
11000101101101000
01100010110110100
00110001011011010
00011000101101101
10001100010110110
01000110001011011
10100011000101101
11010001100010110
01101000110001011
10110100011000101
11011010001100010
01101101000110001
10110110100011000
01011011010001100
00101101101000110
00010110110100011
11111111000010000
01111111100001000
00111111110000100
00011111111000010
00001111111100001
10000111111110000
01000011111111000
00100001111111100
00010000111111110
00001000011111111
10000100001111111
11000010000111111
11100001000011111
11110000100001111
11111000010000111
11111100001000011
11111110000100001
10101011101010100
01010101110101010
00101010111010101
10010101011101010
01001010101110101
10100101010111010
01010010101011101
10101001010101110
01010100101010111
10101010010101011
11010101001010101
11101010100101010
01110101010010101
10111010101001010
01011101010100101
10101110101010010
01010111010101001
11111010010010010
01111101001001001
10111110100100100
01011111010010010
00101111101001001
10010111110100100
01001011111010010
00100101111101001
10010010111110100
01001001011111010
00100100101111101
10010010010111110
01001001001011111
10100100100101111
11010010010010111
11101001001001011
11110100100100101
10011001100110101
11001100110011010
01100110011001101
10110011001100110
01011001100110011
10101100110011001
11010110011001100
01101011001100110
00110101100110011
10011010110011001
11001101011001100
01100110101100110
00110011010110011
10011001101011001
11001100110101100
01100110011010110
00110011001101011
11010100111001010
01101010011100101
10110101001110010
01011010100111001
10101101010011100
01010110101001110
00101011010100111
10010101101010011
11001010110101001
11100101011010100
01110010101101010
00111001010110101
10011100101011010
01001110010101101
10100111001010110
01010011100101011
10101001110010101
11101011100011000
01110101110001100
00111010111000110
00011101011100011
10001110101110001
11000111010111000
01100011101011100
00110001110101110
00011000111010111
10001100011101011
11000110001110101
11100011000111010
01110001100011101
10111000110001110
01011100011000111
10101110001100011
11010111000110001
11001001100100111
11100100110010011
11110010011001001
11111001001100100
01111100100110010
00111110010011001
10011111001001100
01001111100100110
00100111110010011
10010011111001001
11001001111100100
01100100111110010
00110010011111001
10011001001111100
01001100100111110
00100110010011111
10010011001001111
10000111100100111
11000011110010011
11100001111001001
11110000111100100
01111000011110010
00111100001111001
10011110000111100
01001111000011110
00100111100001111
10010011110000111
11001001111000011
11100100111100001
11110010011110000
01111001001111000
00111100100111100
00011110010011110
00001111001001111
10111011101000000
01011101110100000
00101110111010000
00010111011101000
00001011101110100
00000101110111010
00000010111011101
10000001011101110
01000000101110111
10100000010111011
11010000001011101
11101000000101110
01110100000010111
10111010000001011
11011101000000101
11101110100000010
01110111010000001
10011010100010101
11001101010001010
01100110101000101
10110011010100010
01011001101010001
10101100110101000
01010110011010100
00101011001101010
00010101100110101
10001010110011010
01000101011001101
10100010101100110
01010001010110011
10101000101011001
11010100010101100
01101010001010110
00110101000101011
11001011010011000
01100101101001100
00110010110100110
00011001011010011
10001100101101001
11000110010110100
01100011001011010
00110001100101101
10011000110010110
01001100011001011
10100110001100101
11010011000110010
01101001100011001
10110100110001100
01011010011000110
00101101001100011
10010110100110001
10000011100110011
11000001110011001
11100000111001100
01110000011100110
00111000001110011
10011100000111001
11001110000011100
01100111000001110
00110011100000111
10011001110000011
11001100111000001
11100110011100000
01110011001110000
00111001100111000
00011100110011100
00001110011001110
00000111001100111
11010010001001011
11101001000100101
11110100100010010
01111010010001001
10111101001000100
01011110100100010
00101111010010001
10010111101001000
01001011110100100
00100101111010010
00010010111101001
10001001011110100
01000100101111010
00100010010111101
10010001001011110
01001000100101111
10100100010010111
11100001110010100
01110000111001010
00111000011100101
10011100001110010
01001110000111001
10100111000011100
01010011100001110
00101001110000111
10010100111000011
11001010011100001
11100101001110000
01110010100111000
00111001010011100
00011100101001110
00001110010100111
10000111001010011
11000011100101001
10101100100100110
01010110010010011
10101011001001001
11010101100100100
01101010110010010
00110101011001001
10011010101100100
01001101010110010
00100110101011001
10010011010101100
01001001101010110
00100100110101011
10010010011010101
11001001001101010
01100100100110101
10110010010011010
01011001001001101
10000101000011111
11000010100001111
11100001010000111
11110000101000011
11111000010100001
11111100001010000
01111110000101000
00111111000010100
00011111100001010
00001111110000101
10000111111000010
01000011111100001
10100001111110000
01010000111111000
00101000011111100
00010100001111110
00001010000111111
11110101111000000
01111010111100000
00111101011110000
00011110101111000
00001111010111100
00000111101011110
00000011110101111
10000001111010111
11000000111101011
11100000011110101
11110000001111010
01111000000111101
10111100000011110
01011110000001111
10101111000000111
11010111100000011
11101011110000001
11111010001000101
11111101000100010
01111110100010001
10111111010001000
01011111101000100
00101111110100010
00010111111010001
10001011111101000
01000101111110100
00100010111111010
00010001011111101
10001000101111110
01000100010111111
10100010001011111
11010001000101111
11101000100010111
11110100010001011
10011011011001010
01001101101100101
10100110110110010
01010011011011001
10101001101101100
01010100110110110
00101010011011011
10010101001101101
11001010100110110
01100101010011011
10110010101001101
11011001010100110
01101100101010011
10110110010101001
11011011001010100
01101101100101010
00110110110010101
10111010100110010
01011101010011001
10101110101001100
01010111010100110
00101011101010011
10010101110101001
11001010111010100
01100101011101010
00110010101110101
10011001010111010
01001100101011101
10100110010101110
01010011001010111
10101001100101011
11010100110010101
11101010011001010
01110101001100101
11000110101100011
11100011010110001
11110001101011000
01111000110101100
00111100011010110
00011110001101011
10001111000110101
11000111100011010
01100011110001101
10110001111000110
01011000111100011
10101100011110001
11010110001111000
01101011000111100
00110101100011110
00011010110001111
10001101011000111
11010010110011100
01101001011001110
00110100101100111
10011010010110011
11001101001011001
11100110100101100
01110011010010110
00111001101001011
10011100110100101
11001110011010010
01100111001101001
10110011100110100
01011001110011010
00101100111001101
10010110011100110
01001011001110011
10100101100111001
11101101000010110
01110110100001011
10111011010000101
11011101101000010
01101110110100001
10110111011010000
01011011101101000
00101101110110100
00010110111011010
00001011011101101
10000101101110110
01000010110111011
10100001011011101
11010000101101110
01101000010110111
10110100001011011
11011010000101101
10001111100011001
11000111110001100
01100011111000110
00110001111100011
10011000111110001
11001100011111000
01100110001111100
00110011000111110
00011001100011111
10001100110001111
11000110011000111
11100011001100011
11110001100110001
11111000110011000
01111100011001100
00111110001100110
00011111000110011
11101101110000000
01110110111000000
00111011011100000
00011101101110000
00001110110111000
00000111011011100
00000011101101110
00000001110110111
10000000111011011
11000000011101101
11100000001110110
01110000000111011
10111000000011101
11011100000001110
01101110000000111
10110111000000011
11011011100000001
11101000101000101
11110100010100010
01111010001010001
10111101000101000
01011110100010100
00101111010001010
00010111101000101
10001011110100010
01000101111010001
10100010111101000
01010001011110100
00101000101111010
00010100010111101
10001010001011110
01000101000101111
10100010100010111
11010001010001011
10011011001010010
01001101100101001
10100110110010100
01010011011001010
00101001101100101
10010100110110010
01001010011011001
10100101001101100
01010010100110110
00101001010011011
10010100101001101
11001010010100110
01100101001010011
10110010100101001
11011001010010100
01101100101001010
00110110010100101
10111000100100011
11011100010010001
11101110001001000
01110111000100100
00111011100010010
00011101110001001
10001110111000100
01000111011100010
00100011101110001
10010001110111000
01001000111011100
00100100011101110
00010010001110111
10001001000111011
11000100100011101
11100010010001110
01110001001000111
11010110101100000
01101011010110000
00110101101011000
00011010110101100
00001101011010110
00000110101101011
10000011010110101
11000001101011010
01100000110101101
10110000011010110
01011000001101011
10101100000110101
11010110000011010
01101011000001101
10110101100000110
01011010110000011
10101101011000001
10010011100011100
01001001110001110
00100100111000111
10010010011100011
11001001001110001
11100100100111000
01110010010011100
00111001001001110
00011100100100111
10001110010010011
11000111001001001
11100011100100100
01110001110010010
00111000111001001
10011100011100100
01001110001110010
00100111000111001
11000101000110110
01100010100011011
10110001010001101
11011000101000110
01101100010100011
10110110001010001
11011011000101000
01101101100010100
00110110110001010
00011011011000101
10001101101100010
01000110110110001
10100011011011000
01010001101101100
00101000110110110
00010100011011011
10001010001101101
10001110100001011
11000111010000101
11100011101000010
01110001110100001
10111000111010000
01011100011101000
00101110001110100
00010111000111010
00001011100011101
10000101110001110
01000010111000111
10100001011100011
11010000101110001
11101000010111000
01110100001011100
00111010000101110
00011101000010111
11110111100000000
01111011110000000
00111101111000000
00011110111100000
00001111011110000
00000111101111000
00000011110111100
00000001111011110
00000000111101111
10000000011110111
11000000001111011
11100000000111101
11110000000011110
01111000000001111
10111100000000111
11011110000000011
11101111000000001
10101010001010101
11010101000101010
01101010100010101
10110101010001010
01011010101000101
10101101010100010
01010110101010001
10101011010101000
01010101101010100
00101010110101010
00010101011010101
10001010101101010
01000101010110101
10100010101011010
01010001010101101
10101000101010110
01010100010101011
11011011010000010
01101101101000001
10110110110100000
01011011011010000
00101101101101000
00010110110110100
00001011011011010
00000101101101101
10000010110110110
01000001011011011
10100000101101101
11010000010110110
01101000001011011
10110100000101101
11011010000010110
01101101000001011
10110110100000101
10011001100110010
01001100110011001
10100110011001100
01010011001100110
00101001100110011
10010100110011001
11001010011001100
01100101001100110
00110010100110011
10011001010011001
11001100101001100
01100110010100110
00110011001010011
10011001100101001
11001100110010100
01100110011001010
00110011001100101
11000110101001010
01100011010100101
10110001101010010
01011000110101001
10101100011010100
01010110001101010
00101011000110101
10010101100011010
01001010110001101
10100101011000110
01010010101100011
10101001010110001
11010100101011000
01101010010101100
00110101001010110
00011010100101011
10001101010010101
11100010100011100
01110001010001110
00111000101000111
10011100010100011
11001110001010001
11100111000101000
01110011100010100
00111001110001010
00011100111000101
10001110011100010
01000111001110001
10100011100111000
01010001110011100
00101000111001110
00010100011100111
10001010001110011
11000101000111001
11001101100000110
01100110110000011
10110011011000001
11011001101100000
01101100110110000
00110110011011000
00011011001101100
00001101100110110
00000110110011011
10000011011001101
11000001101100110
01100000110110011
10110000011011001
11011000001101100
01101100000110110
00110110000011011
10011011000001101
10000111100001101
11000011110000110
01100001111000011
10110000111100001
11011000011110000
01101100001111000
00110110000111100
00011011000011110
00001101100001111
10000110110000111
11000011011000011
11100001101100001
11110000110110000
01111000011011000
00111100001101100
00011110000110110
00001111000011011
11000111110100000
01100011111010000
00110001111101000
00011000111110100
00001100011111010
00000110001111101
10000011000111110
01000001100011111
10100000110001111
11010000011000111
11101000001100011
11110100000110001
11111010000011000
01111101000001100
00111110100000110
00011111010000011
10001111101000001
11100100001010101
11110010000101010
01111001000010101
10111100100001010
01011110010000101
10101111001000010
01010111100100001
10101011110010000
01010101111001000
00101010111100100
00010101011110010
00001010101111001
10000101010111100
01000010101011110
00100001010101111
10010000101010111
11001000010101011
11011001001000011
11101100100100001
11110110010010000
01111011001001000
00111101100100100
00011110110010010
00001111011001001
10000111101100100
01000011110110010
00100001111011001
10010000111101100
01001000011110110
00100100001111011
10010010000111101
11001001000011110
01100100100001111
10110010010000111
10111001001100010
01011100100110001
10101110010011000
01010111001001100
00101011100100110
00010101110010011
10001010111001001
11000101011100100
01100010101110010
00110001010111001
10011000101011100
01001100010101110
00100110001010111
10010011000101011
11001001100010101
11100100110001010
01110010011000101
11001110100101000
01100111010010100
00110011101001010
00011001110100101
10001100111010010
01000110011101001
10100011001110100
01010001100111010
00101000110011101
10010100011001110
01001010001100111
10100101000110011
11010010100011001
11101001010001100
01110100101000110
00111010010100011
10011101001010001
10110010100001110
01011001010000111
10101100101000011
11010110010100001
11101011001010000
01110101100101000
00111010110010100
00011101011001010
00001110101100101
10000111010110010
01000011101011001
10100001110101100
01010000111010110
00101000011101011
10010100001110101
11001010000111010
01100101000011101
11000101110010010
01100010111001001
10110001011100100
01011000101110010
00101100010111001
10010110001011100
01001011000101110
00100101100010111
10010010110001011
11001001011000101
11100100101100010
01110010010110001
10111001001011000
01011100100101100
00101110010010110
00010111001001011
10001011100100101
10011110100001100
01001111010000110
00100111101000011
10010011110100001
11001001111010000
01100100111101000
00110010011110100
00011001001111010
00001100100111101
10000110010011110
01000011001001111
10100001100100111
11010000110010011
11101000011001001
11110100001100100
01111010000110010
00111101000011001
10011000010111100
01001100001011110
00100110000101111
10010011000010111
11001001100001011
11100100110000101
11110010011000010
01111001001100001
10111100100110000
01011110010011000
00101111001001100
00010111100100110
00001011110010011
10000101111001001
11000010111100100
01100001011110010
00110000101111001
10100100111010001
11010010011101000
01101001001110100
00110100100111010
00011010010011101
10001101001001110
01000110100100111
10100011010010011
11010001101001001
11101000110100100
01110100011010010
00111010001101001
10011101000110100
01001110100011010
00100111010001101
10010011101000110
01001001110100011
10111000010100110
01011100001010011
10101110000101001
11010111000010100
01101011100001010
00110101110000101
10011010111000010
01001101011100001
10100110101110000
01010011010111000
00101001101011100
00010100110101110
00001010011010111
10000101001101011
11000010100110101
11100001010011010
01110000101001101
10001010010111001
11000101001011100
01100010100101110
00110001010010111
10011000101001011
11001100010100101
11100110001010010
01110011000101001
10111001100010100
01011100110001010
00101110011000101
10010111001100010
01001011100110001
10100101110011000
01010010111001100
00101001011100110
00010100101110011
10100011001001110
01010001100100111
10101000110010011
11010100011001001
11101010001100100
01110101000110010
00111010100011001
10011101010001100
01001110101000110
00100111010100011
10010011101010001
11001001110101000
01100100111010100
00110010011101010
00011001001110101
10001100100111010
01000110010011101
11100001001001101
11110000100100110
01111000010010011
10111100001001001
11011110000100100
01101111000010010
00110111100001001
10011011110000100
01001101111000010
00100110111100001
10010011011110000
01001001101111000
00100100110111100
00010010011011110
00001001001101111
10000100100110111
11000010010011011
11010101000010011
11101010100001001
11110101010000100
01111010101000010
00111101010100001
10011110101010000
01001111010101000
00100111101010100
00010011110101010
00001001111010101
10000100111101010
01000010011110101
10100001001111010
01010000100111101
10101000010011110
01010100001001111
10101010000100111
10000010111110001
11000001011111000
01100000101111100
00110000010111110
00011000001011111
10001100000101111
11000110000010111
11100011000001011
11110001100000101
11111000110000010
01111100011000001
10111110001100000
01011111000110000
00101111100011000
00010111110001100
00001011111000110
00000101111100011
10011111110010000
01001111111001000
00100111111100100
00010011111110010
00001001111111001
10000100111111100
01000010011111110
00100001001111111
10010000100111111
11001000010011111
11100100001001111
11110010000100111
11111001000010011
11111100100001001
11111110010000100
01111111001000010
00111111100100001
11000011101010101
11100001110101010
01110000111010101
10111000011101010
01011100001110101
10101110000111010
01010111000011101
10101011100001110
01010101110000111
10101010111000011
11010101011100001
11101010101110000
01110101010111000
00111010101011100
00011101010101110
00001110101010111
10000111010101011
11101001011010010
01110100101101001
10111010010110100
01011101001011010
00101110100101101
10010111010010110
01001011101001011
10100101110100101
11010010111010010
01101001011101001
10110100101110100
01011010010111010
00101101001011101
10010110100101110
01001011010010111
10100101101001011
11010010110100101
10110001000110111
11011000100011011
11101100010001101
11110110001000110
01111011000100011
10111101100010001
11011110110001000
01101111011000100
00110111101100010
00011011110110001
10001101111011000
01000110111101100
00100011011110110
00010001101111011
10001000110111101
11000100011011110
01100010001101111
11010010110101010
01101001011010101
10110100101101010
01011010010110101
10101101001011010
01010110100101101
10101011010010110
01010101101001011
10101010110100101
11010101011010010
01101010101101001
10110101010110100
01011010101011010
00101101010101101
10010110101010110
01001011010101011
10100101101010101
11111001100001100
01111100110000110
00111110011000011
10011111001100001
11001111100110000
01100111110011000
00110011111001100
00011001111100110
00001100111110011
10000110011111001
11000011001111100
01100001100111110
00110000110011111
10011000011001111
11001100001100111
11100110000110011
11110011000011001
11001100100110011
11100110010011001
11110011001001100
01111001100100110
00111100110010011
10011110011001001
11001111001100100
01100111100110010
00110011110011001
10011001111001100
01001100111100110
00100110011110011
10010011001111001
11001001100111100
01100100110011110
00110010011001111
10011001001100111
10001111000101110
01000111100010111
10100011110001011
11010001111000101
11101000111100010
01110100011110001
10111010001111000
01011101000111100
00101110100011110
00010111010001111
10001011101000111
11000101110100011
11100010111010001
11110001011101000
01111000101110100
00111100010111010
00011110001011101
11111011100100000
01111101110010000
00111110111001000
00011111011100100
00001111101110010
00000111110111001
10000011111011100
01000001111101110
00100000111110111
10010000011111011
11001000001111101
11100100000111110
01110010000011111
10111001000001111
11011100100000111
11101110010000011
11110111001000001
10101110100010101
11010111010001010
01101011101000101
10110101110100010
01011010111010001
10101101011101000
01010110101110100
00101011010111010
00010101101011101
10001010110101110
01000101011010111
10100010101101011
11010001010110101
11101000101011010
01110100010101101
10111010001010110
01011101000101011
11011011010010001
11101101101001000
01110110110100100
00111011011010010
00011101101101001
10001110110110100
01000111011011010
00100011101101101
10010001110110110
01001000111011011
10100100011101101
11010010001110110
01101001000111011
10110100100011101
11011010010001110
01101101001000111
10110110100100011
10001001101110011
11000100110111001
11100010011011100
01110001001101110
00111000100110111
10011100010011011
11001110001001101
11100111000100110
01110011100010011
10111001110001001
11011100111000100
01101110011100010
00110111001110001
10011011100111000
01001101110011100
00100110111001110
00010011011100111
11011110001001010
01101111000100101
10110111100010010
01011011110001001
10101101111000100
01010110111100010
00101011011110001
10010101101111000
01001010110111100
00100101011011110
00010010101101111
10001001010110111
11000100101011011
11100010010101101
11110001001010110
01111000100101011
10111100010010101
11100011100010110
01110001110001011
10111000111000101
11011100011100010
01101110001110001
10110111000111000
01011011100011100
00101101110001110
00010110111000111
10001011011100011
11000101101110001
11100010110111000
01110001011011100
00111000101101110
00011100010110111
10001110001011011
11000111000101101
10001101110100110
01000110111010011
10100011011101001
11010001101110100
01101000110111010
00110100011011101
10011010001101110
01001101000110111
10100110100011011
11010011010001101
11101001101000110
01110100110100011
10111010011010001
11011101001101000
01101110100110100
00110111010011010
00011011101001101
10010101100001111
11001010110000111
11100101011000011
11110010101100001
11111001010110000
01111100101011000
00111110010101100
00011111001010110
00001111100101011
10000111110010101
11000011111001010
01100001111100101
10110000111110010
01011000011111001
10101100001111100
01010110000111110
00101011000011111
11111000011010100
01111100001101010
00111110000110101
10011111000011010
01001111100001101
10100111110000110
01010011111000011
10101001111100001
11010100111110000
01101010011111000
00110101001111100
00011010100111110
00001101010011111
10000110101001111
11000011010100111
11100001101010011
11110000110101001
10110010111011000
01011001011101100
00101100101110110
00010110010111011
10001011001011101
11000101100101110
01100010110010111
10110001011001011
11011000101100101
11101100010110010
01110110001011001
10111011000101100
01011101100010110
00101110110001011
10010111011000101
11001011101100010
01100101110110001
10110100011100011
11011010001110001
11101101000111000
01110110100011100
00111011010001110
00011101101000111
10001110110100011
11000111011010001
11100011101101000
01110001110110100
00111000111011010
00011100011101101
10001110001110110
01000111000111011
10100011100011101
11010001110001110
01101000111000111
10101001000111101
11010100100011110
01101010010001111
10110101001000111
11011010100100011
11101101010010001
11110110101001000
01111011010100100
00111101101010010
00011110110101001
10001111011010100
01000111101101010
00100011110110101
10010001111011010
01001000111101101
10100100011110110
01010010001111011
11100111011001000
01110011101100100
00111001110110010
00011100111011001
10001110011101100
01000111001110110
00100011100111011
10010001110011101
11001000111001110
01100100011100111
10110010001110011
11011001000111001
11101100100011100
01110110010001110
00111011001000111
10011101100100011
11001110110010001
11000100101101101
11100010010110110
01110001001011011
10111000100101101
11011100010010110
01101110001001011
10110111000100101
11011011100010010
01101101110001001
10110110111000100
01011011011100010
00101101101110001
10010110110111000
01001011011011100
00100101101101110
00010010110110111
10001001011011011
11010100010111010
01101010001011101
10110101000101110
01011010100010111
10101101010001011
11010110101000101
11101011010100010
01110101101010001
10111010110101000
01011101011010100
00101110101101010
00010111010110101
10001011101011010
01000101110101101
10100010111010110
01010001011101011
10101000101110101
10000010011101111
11000001001110111
11100000100111011
11110000010011101
11111000001001110
01111100000100111
10111110000010011
11011111000001001
11101111100000100
01110111110000010
00111011111000001
10011101111100000
01001110111110000
00100111011111000
00010011101111100
00001001110111110
00000100111011111
11101110010100000
01110111001010000
00111011100101000
00011101110010100
00001110111001010
00000111011100101
10000011101110010
01000001110111001
10100000111011100
01010000011101110
00101000001110111
10010100000111011
11001010000011101
11100101000001110
01110010100000111
10111001010000011
11011100101000001
11101100101010000
01110110010101000
00111011001010100
00011101100101010
00001110110010101
10000111011001010
01000011101100101
10100001110110010
01010000111011001
10101000011101100
01010100001110110
00101010000111011
10010101000011101
11001010100001110
01100101010000111
10110010101000011
11011001010100001
11010010001010011
11101001000101001
11110100100010100
01111010010001010
00111101001000101
10011110100100010
01001111010010001
10100111101001000
01010011110100100
00101001111010010
00010100111101001
10001010011110100
01000101001111010
00100010100111101
10010001010011110
01001000101001111
10100100010100111
10111001101000001
11011100110100000
01101110011010000
00110111001101000
00011011100110100
00001101110011010
00000110111001101
10000011011100110
01000001101110011
10100000110111001
11010000011011100
01101000001101110
00110100000110111
10011010000011011
11001101000001101
11100110100000110
01110011010000011
10011100101101000
01001110010110100
00100111001011010
00010011100101101
10001001110010110
01000100111001011
10100010011100101
11010001001110010
01101000100111001
10110100010011100
01011010001001110
00101101000100111
10010110100010011
11001011010001001
11100101101000100
01110010110100010
00111001011010001
10110011000011010
01011001100001101
10101100110000110
01010110011000011
10101011001100001
11010101100110000
01101010110011000
00110101011001100
00011010101100110
00001101010110011
10000110101011001
11000011010101100
01100001101010110
00110000110101011
10011000011010101
11001100001101010
01100110000110101
11000001110110100
01100000111011010
00110000011101101
10011000001110110
01001100000111011
10100110000011101
11010011000001110
01101001100000111
10110100110000011
11011010011000001
11101101001100000
01110110100110000
00111011010011000
00011101101001100
00001110110100110
00000111011010011
10000011101101001
10011010100000111
11001101010000011
11100110101000001
11110011010100000
01111001101010000
00111100110101000
00011110011010100
00001111001101010
00000111100110101
10000011110011010
01000001111001101
10100000111100110
01010000011110011
10101000001111001
11010100000111100
01101010000011110
00110101000001111
11110000010101100
01111000001010110
00111100000101011
10011110000010101
11001111000001010
01100111100000101
10110011110000010
01011001111000001
10101100111100000
01010110011110000
00101011001111000
00010101100111100
00001010110011110
00000101011001111
10000010101100111
11000001010110011
11100000101011001
10010110111000001
11001011011100000
01100101101110000
00110010110111000
00011001011011100
00001100101101110
00000110010110111
10000011001011011
11000001100101101
11100000110010110
01110000011001011
10111000001100101
11011100000110010
01101110000011001
10110111000001100
01011011100000110
00101101110000011
10101100001100110
01010110000110011
10101011000011001
11010101100001100
01101010110000110
00110101011000011
10011010101100001
11001101010110000
01100110101011000
00110011010101100
00011001101010110
00001100110101011
10000110011010101
11000011001101010
01100001100110101
10110000110011010
01011000011001101
10001011010011100
01000101101001110
00100010110100111
10010001011010011
11001000101101001
11100100010110100
01110010001011010
00111001000101101
10011100100010110
01001110010001011
10100111001000101
11010011100100010
01101001110010001
10110100111001000
01011010011100100
00101101001110010
00010110100111001
11000001011001110
01100000101100111
10110000010110011
11011000001011001
11101100000101100
01110110000010110
00111011000001011
10011101100000101
11001110110000010
01100111011000001
10110011101100000
01011001110110000
00101100111011000
00010110011101100
00001011001110110
00000101100111011
10000010110011101
11100101000100101
11110010100010010
01111001010001001
10111100101000100
01011110010100010
00101111001010001
10010111100101000
01001011110010100
00100101111001010
00010010111100101
10001001011110010
01000100101111001
10100010010111100
01010001001011110
00101000100101111
10010100010010111
11001010001001011
10000101010011011
11000010101001101
11100001010100110
01110000101010011
10111000010101001
11011100001010100
01101110000101010
00110111000010101
10011011100001010
01001101110000101
10100110111000010
01010011011100001
10101001101110000
01010100110111000
00101010011011100
00010101001101110
00001010100110111
10000010100111011
11000001010011101
11100000101001110
01110000010100111
10111000001010011
11011100000101001
11101110000010100
01110111000001010
00111011100000101
10011101110000010
01001110111000001
10100111011100000
01010011101110000
00101001110111000
00010100111011100
00001010011101110
00000101001110111
11111001011000000
01111100101100000
00111110010110000
00011111001011000
00001111100101100
00000111110010110
00000011111001011
10000001111100101
11000000111110010
01100000011111001
10110000001111100
01011000000111110
00101100000011111
10010110000001111
11001011000000111
11100101100000011
11110010110000001
11111010100000100
01111101010000010
00111110101000001
10011111010100000
01001111101010000
00100111110101000
00010011111010100
00001001111101010
00000100111110101
10000010011111010
01000001001111101
10100000100111110
01010000010011111
10101000001001111
11010100000100111
11101010000010011
11110101000001001
10011010011011000
01001101001101100
00100110100110110
00010011010011011
10001001101001101
11000100110100110
01100010011010011
10110001001101001
11011000100110100
01101100010011010
00110110001001101
10011011000100110
01001101100010011
10100110110001001
11010011011000100
01101001101100010
00110100110110001
10101010100110001
11010101010011000
01101010101001100
00110101010100110
00011010101010011
10001101010101001
11000110101010100
01100011010101010
00110001101010101
10011000110101010
01001100011010101
10100110001101010
01010011000110101
10101001100011010
01010100110001101
10101010011000110
01010101001100011
11010100001100011
11101010000110001
11110101000011000
01111010100001100
00111101010000110
00011110101000011
10001111010100001
11000111101010000
01100011110101000
00110001111010100
00011000111101010
00001100011110101
10000110001111010
01000011000111101
10100001100011110
01010000110001111
10101000011000111
11010011110010000
01101001111001000
00110100111100100
00011010011110010
00001101001111001
10000110100111100
01000011010011110
00100001101001111
10010000110100111
11001000011010011
11100100001101001
11110010000110100
01111001000011010
00111100100001101
10011110010000110
01001111001000011
10100111100100001
10101001000110110
01010100100011011
10101010010001101
11010101001000110
01101010100100011
10110101010010001
11011010101001000
01101101010100100
00110110101010010
00011011010101001
10001101101010100
01000110110101010
00100011011010101
10010001101101010
01001000110110101
10100100011011010
01010010001101101
10001101100010011
11000110110001001
11100011011000100
01110001101100010
00111000110110001
10011100011011000
01001110001101100
00100111000110110
00010011100011011
10001001110001101
11000100111000110
01100010011100011
10110001001110001
11011000100111000
01101100010011100
00110110001001110
00011011000100111
11100100011011000
01110010001101100
00111001000110110
00011100100011011
10001110010001101
11000111001000110
01100011100100011
10110001110010001
11011000111001000
01101100011100100
00110110001110010
00011011000111001
10001101100011100
01000110110001110
00100011011000111
10010001101100011
11001000110110001
10110110001001010
01011011000100101
10101101100010010
01010110110001001
10101011011000100
01010101101100010
00101010110110001
10010101011011000
01001010101101100
00100101010110110
00010010101011011
10001001010101101
11000100101010110
01100010010101011
10110001001010101
11011000100101010
01101100010010101
10000100111100101
11000010011110010
01100001001111001
10110000100111100
01011000010011110
00101100001001111
10010110000100111
11001011000010011
11100101100001001
11110010110000100
01111001011000010
00111100101100001
10011110010110000
01001111001011000
00100111100101100
00010011110010110
00001001111001011
11100011000010101
11110001100001010
01111000110000101
10111100011000010
01011110001100001
10101111000110000
01010111100011000
00101011110001100
00010101111000110
00001010111100011
10000101011110001
11000010101111000
01100001010111100
00110000101011110
00011000010101111
10001100001010111
11000110000101011
11000110010101010
01100011001010101
10110001100101010
01011000110010101
10101100011001010
01010110001100101
10101011000110010
01010101100011001
10101010110001100
01010101011000110
00101010101100011
10010101010110001
11001010101011000
01100101010101100
00110010101010110
00011001010101011
10001100101010101
10001101100101100
01000110110010110
00100011011001011
10010001101100101
11001000110110010
01100100011011001
10110010001101100
01011001000110110
00101100100011011
10010110010001101
11001011001000110
01100101100100011
10110010110010001
11011001011001000
01101100101100100
00110110010110010
00011011001011001
10010000010101111
11001000001010111
11100100000101011
11110010000010101
11111001000001010
01111100100000101
10111110010000010
01011111001000001
10101111100100000
01010111110010000
00101011111001000
00010101111100100
00001010111110010
00000101011111001
10000010101111100
01000001010111110
00100000101011111
10000001101001111
11000000110100111
11100000011010011
11110000001101001
11111000000110100
01111100000011010
00111110000001101
10011111000000110
01001111100000011
10100111110000001
11010011111000000
01101001111100000
00110100111110000
00011010011111000
00001101001111100
00000110100111110
00000011010011111
11110111001100000
01111011100110000
00111101110011000
00011110111001100
00001111011100110
00000111101110011
10000011110111001
11000001111011100
01100000111101110
00110000011110111
10011000001111011
11001100000111101
11100110000011110
01110011000001111
10111001100000111
11011100110000011
11101110011000001
10111110001010100
01011111000101010
00101111100010101
10010111110001010
01001011111000101
10100101111100010
01010010111110001
10101001011111000
01010100101111100
00101010010111110
00010101001011111
10001010100101111
11000101010010111
11100010101001011
11110001010100101
11111000101010010
01111100010101001
11011010010001011
11101101001000101
11110110100100010
01111011010010001
10111101101001000
01011110110100100
00101111011010010
00010111101101001
10001011110110100
01000101111011010
00100010111101101
10010001011110110
01001000101111011
10100100010111101
11010010001011110
01101001000101111
10110100100010111
10011011101110000
01001101110111000
00100110111011100
00010011011101110
00001001101110111
10000100110111011
11000010011011101
11100001001101110
01110000100110111
10111000010011011
11011100001001101
11101110000100110
01110111000010011
10111011100001001
11011101110000100
01101110111000010
00110111011100001
11001100101001011
11100110010100101
11110011001010010
01111001100101001
10111100110010100
01011110011001010
00101111001100101
10010111100110010
01001011110011001
10100101111001100
01010010111100110
00101001011110011
10010100101111001
11001010010111100
01100101001011110
00110010100101111
10011001010010111
11100010110011010
01110001011001101
10111000101100110
01011100010110011
10101110001011001
11010111000101100
01101011100010110
00110101110001011
10011010111000101
11001101011100010
01100110101110001
10110011010111000
01011001101011100
00101100110101110
00010110011010111
10001011001101011
11000101100110101
11101001110000110
01110100111000011
10111010011100001
11011101001110000
01101110100111000
00110111010011100
00011011101001110
00001101110100111
10000110111010011
11000011011101001
11100001101110100
01110000110111010
00111000011011101
10011100001101110
01001110000110111
10100111000011011
11010011100001101
10010111100010101
11001011110001010
01100101111000101
10110010111100010
01011001011110001
10101100101111000
01010110010111100
00101011001011110
00010101100101111
10001010110010111
11000101011001011
11100010101100101
11110001010110010
01111000101011001
10111100010101100
01011110001010110
00101111000101011
11010100011110100
01101010001111010
00110101000111101
10011010100011110
01001101010001111
10100110101000111
11010011010100011
11101001101010001
11110100110101000
01111010011010100
00111101001101010
00011110100110101
10001111010011010
01000111101001101
10100011110100110
01010001111010011
10101000111101001
10110000111001011
11011000011100101
11101100001110010
01110110000111001
10111011000011100
01011101100001110
00101110110000111
10010111011000011
11001011101100001
11100101110110000
01110010111011000
00111001011101100
00011100101110110
00001110010111011
10000111001011101
11000011100101110
01100001110010111
10101100110100011
11010110011010001
11101011001101000
01110101100110100
00111010110011010
00011101011001101
10001110101100110
01000111010110011
10100011101011001
11010001110101100
01101000111010110
00110100011101011
10011010001110101
11001101000111010
01100110100011101
10110011010001110
01011001101000111
11101001010011001
11110100101001100
01111010010100110
00111101001010011
10011110100101001
11001111010010100
01100111101001010
00110011110100101
10011001111010010
01001100111101001
10100110011110100
01010011001111010
00101001100111101
10010100110011110
01001010011001111
10100101001100111
11010010100110011
10000111011101100
01000011101110110
00100001110111011
10010000111011101
11001000011101110
01100100001110111
10110010000111011
11011001000011101
11101100100001110
01110110010000111
10111011001000011
11011101100100001
11101110110010000
01110111011001000
00111011101100100
00011101110110010
00001110111011001
11101000100101101
11110100010010110
01111010001001011
10111101000100101
11011110100010010
01101111010001001
10110111101000100
01011011110100010
00101101111010001
10010110111101000
01001011011110100
00100101101111010
00010010110111101
10001001011011110
01000100101101111
10100010010110111
11010001001011011
10010101000111110
01001010100011111
10100101010001111
11010010101000111
11101001010100011
11110100101010001
11111010010101000
01111101001010100
00111110100101010
00011111010010101
10001111101001010
01000111110100101
10100011111010010
01010001111101001
10101000111110100
01010100011111010
00101010001111101
10000011001110111
11000001100111011
11100000110011101
11110000011001110
01111000001100111
10111100000110011
11011110000011001
11101111000001100
01110111100000110
00111011110000011
10011101111000001
11001110111100000
01100111011110000
00110011101111000
00011001110111100
00001100111011110
00000110011101111
11111110101000000
01111111010100000
00111111101010000
00011111110101000
00001111111010100
00000111111101010
00000011111110101
10000001111111010
01000000111111101
10100000011111110
01010000001111111
10101000000111111
11010100000011111
11101010000001111
11110101000000111
11111010100000011
11111101010000001
10111010101010001
11011101010101000
01101110101010100
00110111010101010
00011011101010101
10001101110101010
01000110111010101
10100011011101010
01010001101110101
10101000110111010
01010100011011101
10101010001101110
01010101000110111
10101010100011011
11010101010001101
11101010101000110
01110101010100011
11010011010011010
01101001101001101
10110100110100110
01011010011010011
10101101001101001
11010110100110100
01101011010011010
00110101101001101
10011010110100110
01001101011010011
10100110101101001
11010011010110100
01101001101011010
00110100110101101
10011010011010110
01001101001101011
10100110100110101
10011011100010011
11001101110001001
11100110111000100
01110011011100010
00111001101110001
10011100110111000
01001110011011100
00100111001101110
00010011100110111
10001001110011011
11000100111001101
11100010011100110
01110001001110011
10111000100111001
11011100010011100
01101110001001110
00110111000100111
10010110101001011
11001011010100101
11100101101010010
01110010110101001
10111001011010100
01011100101101010
00101110010110101
10010111001011010
01001011100101101
10100101110010110
01010010111001011
10101001011100101
11010100101110010
01101010010111001
10110101001011100
01011010100101110
00101101010010111
11100011010011100
01110001101001110
00111000110100111
10011100011010011
11001110001101001
11100111000110100
01110011100011010
00111001110001101
10011100111000110
01001110011100011
10100111001110001
11010011100111000
01101001110011100
00110100111001110
00011010011100111
10001101001110011
11000110100111001
11101101100100100
01110110110010010
00111011011001001
10011101101100100
01001110110110010
00100111011011001
10010011101101100
01001001110110110
00100100111011011
10010010011101101
11001001001110110
01100100100111011
10110010010011101
11011001001001110
01101100100100111
10110110010010011
11011011001001001
10000011100011111
11000001110001111
11100000111000111
11110000011100011
11111000001110001
11111100000111000
01111110000011100
00111111000001110
00011111100000111
10001111110000011
11000111111000001
11100011111100000
01110001111110000
00111000111111000
00011100011111100
00001110001111110
00000111000111111
11111100011100000
01111110001110000
00111111000111000
00011111100011100
00001111110001110
00000111111000111
10000011111100011
11000001111110001
11100000111111000
01110000011111100
00111000001111110
00011100000111111
10001110000011111
11000111000001111
11100011100000111
11110001110000011
11111000111000001
10010010011011011
11001001001101101
11100100100110110
01110010010011011
10111001001001101
11011100100100110
01101110010010011
10110111001001001
11011011100100100
01101101110010010
00110110111001001
10011011011100100
01001101101110010
00100110110111001
10010011011011100
01001001101101110
00100100110110111
10011100101100011
11001110010110001
11100111001011000
01110011100101100
00111001110010110
00011100111001011
10001110011100101
11000111001110010
01100011100111001
10110001110011100
01011000111001110
00101100011100111
10010110001110011
11001011000111001
11100101100011100
01110010110001110
00111001011000111
11101001010110100
01110100101011010
00111010010101101
10011101001010110
01001110100101011
10100111010010101
11010011101001010
01101001110100101
10110100111010010
01011010011101001
10101101001110100
01010110100111010
00101011010011101
10010101101001110
01001010110100111
10100101011010011
11010010101101001
11100100011101100
01110010001110110
00111001000111011
10011100100011101
11001110010001110
01100111001000111
10110011100100011
11011001110010001
11101100111001000
01110110011100100
00111011001110010
00011101100111001
10001110110011100
01000111011001110
00100011101100111
10010001110110011
11001000111011001
10101100101100101
11010110010110010
01101011001011001
10110101100101100
01011010110010110
00101101011001011
10010110101100101
11001011010110010
01100101101011001
10110010110101100
01011001011010110
00101100101101011
10010110010110101
11001011001011010
01100101100101101
10110010110010110
01011001011001011
11000101010101110
01100010101010111
10110001010101011
11011000101010101
11101100010101010
01110110001010101
10111011000101010
01011101100010101
10101110110001010
01010111011000101
10101011101100010
01010101110110001
10101010111011000
01010101011101100
00101010101110110
00010101010111011
10001010101011101
10000001010111111
11000000101011111
11100000010101111
11110000001010111
11111000000101011
11111100000010101
11111110000001010
01111111000000101
10111111100000010
01011111110000001
10101111111000000
01010111111100000
00101011111110000
00010101111111000
00001010111111100
00000101011111110
00000010101111111
