10010101101
01001111001
00111010101
10001110110
01011001110
00110111010
11100011100
11111100000
01100100111
11010010011
10101100101
00010110111
01101001101
00011111100
10110011001
01110010110
00101110011
11000110101
10011000111
01010101011
10100101110
10100010111
00001101111
11011001001
01010011101
00101011110
11000001111
10011101010
00100111101
11101000110
01011100101
01000111110
10011110001
01100011011
11001100011
01101110100
10000111011
10111010010
10110100011
00111101001
01110110001
11110000101
11010100110
00111100110
01110101100
00011011011
10010011110
11011010100
01011110010
01111000011
10101111000
10110110100
11010111000
10001011101
00110001111
11100101001
11001011010
10111001100
01111011000
01101101010
11110001010
01001010111
11001101100
11100110010
11101010001
10101001011
