1111111000000000
1111110100000000
1111101100000000
1111011100000000
1110111100000000
1101111100000000
1011111100000000
0111111110000000
0111111101000000
1011110011000000
1110101011000000
1101011011000000
1101100111000000
1110010111000000
1011001111000000
1000111111000000
0111111100100000
1110110010100000
1101101010100000
1011011010100000
1011100110100000
1101010110100000
1110001110100000
1000111110100000
1101110001100000
1011101001100000
1110011001100000
1110100101100000
1011010101100000
1101001101100000
1000111101100000
1111000011100000
1000111011100000
1000110111100000
1000101111100000
1000011111100000
0100111111100000
0010111111100000
0001111111100000
0111111100010000
1101110010010000
1011101010010000
1110011010010000
1110100110010000
1011010110010000
1101001110010000
1000111110010000
1110110001010000
1101101001010000
1011011001010000
1011100101010000
1101010101010000
1110001101010000
1000111101010000
1111000011010000
1000111011010000
1000110111010000
1000101111010000
1000011111010000
0100111111010000
0010111111010000
0001111111010000
1011110000110000
1110101000110000
1101011000110000
1101100100110000
1110010100110000
1011001100110000
1000111100110000
1111000010110000
1000111010110000
1000110110110000
1000101110110000
1000011110110000
0100111110110000
0010111110110000
0001111110110000
1111000001110000
1000111001110000
1000110101110000
1000101101110000
1000011101110000
0100111101110000
0010111101110000
0001111101110000
1110000011110000
1101000011110000
1011000011110000
0111100011110000
0111010011110000
1000110011110000
0111001011110000
1000101011110000
1000011011110000
0100111011110000
0010111011110000
0001111011110000
0111000111110000
1000100111110000
1000010111110000
0100110111110000
0010110111110000
0001110111110000
1000001111110000
0100101111110000
0010101111110000
0001101111110000
0100011111110000
0010011111110000
0001011111110000
0111111100001000
1111100010001000
1110011010001000
1001111010001000
1101010110001000
1010110110001000
1011001110001000
1100101110001000
1111010001001000
1101101001001000
1010111001001000
1110100101001000
1001110101001000
1011001101001000
1100011101001000
1100110011001000
1011001011001000
1011000111001000
1010001111001000
1001001111001000
0111001111001000
0011101111001000
0011011111001000
1011110000101000
1111001000101000
1100111000101000
1110100100101000
1101010100101000
1001101100101000
1010011100101000
1101010010101000
1010101010101000
1101000110101000
1100010110101000
1001010110101000
0111010110101000
0101110110101000
0101011110101000
1110100001101000
1001011001101000
1110000101101000
1100100101101000
1010100101101000
0111100101101000
0110110101101000
0110101101101000
1001100011101000
1010010011101000
1100001011101000
0111111011101000
0110100111101000
0101010111101000
0011001111101000
0000111111101000
1011110000011000
1101101000011000
1110011000011000
1111000100011000
1100110100011000
1010101100011000
1001011100011000
1110010010011000
1110001010011000
1100011010011000
1010011010011000
0111011010011000
0110111010011000
1001100110011000
0110011110011000
1101100001011000
1101001001011000
1100101001011000
1001101001011000
0111101001011000
0101111001011000
1010010101011000
0101101101011000
1010100011011000
1001010011011000
0101101011011000
0110011011011000
1100000111011000
0111110111011000
0011001111011000
0000111111011000
1011100000111000
1011010000111000
1010110000111000
1001110000111000
0111110000111000
0011111000111000
0011110100111000
1100001100111000
1100100010111000
0011110010111000
1001001010111000
0110011010111000
1010000110111000
0101010110111000
0111101110111000
0000111110111000
1100010001111000
0011110001111000
1010001001111000
0101101001111000
1001000101111000
0110100101111000
0111011101111000
0000111101111000
0111000011111000
0000111011111000
0000110111111000
0000101111111000
0000011111111000
0111111100000100
1111010010000100
1101101010000100
1010111010000100
1110100110000100
1001110110000100
1011001110000100
1100011110000100
1111100001000100
1110011001000100
1001111001000100
1101010101000100
1010110101000100
1011001101000100
1100101101000100
1100110011000100
1011001011000100
1011000111000100
1010001111000100
1001001111000100
0111001111000100
0011101111000100
0011011111000100
1011110000100100
1101101000100100
1110011000100100
1111000100100100
1100110100100100
1010101100100100
1001011100100100
1101100010100100
1101001010100100
1100101010100100
1001101010100100
0111101010100100
0101111010100100
1010010110100100
0101101110100100
1110010001100100
1110001001100100
1100011001100100
1010011001100100
0111011001100100
0110111001100100
1001100101100100
0110011101100100
1010100011100100
1001010011100100
0101101011100100
0110011011100100
1100000111100100
0111110111100100
0011001111100100
0000111111100100
1011110000010100
1111001000010100
1100111000010100
1110100100010100
1101010100010100
1001101100010100
1010011100010100
1110100010010100
1001011010010100
1110000110010100
1100100110010100
1010100110010100
0111100110010100
0110110110010100
0110101110010100
1101010001010100
1010101001010100
1101000101010100
1100010101010100
1001010101010100
0111010101010100
0101110101010100
0101011101010100
1001100011010100
1010010011010100
1100001011010100
0111111011010100
0110100111010100
0101010111010100
0011001111010100
0000111111010100
1011100000110100
1011010000110100
1010110000110100
1001110000110100
0111110000110100
0011111000110100
0011110100110100
1100001100110100
1100010010110100
0011110010110100
1010001010110100
0101101010110100
1001000110110100
0110100110110100
0111011110110100
0000111110110100
1100100001110100
0011110001110100
1001001001110100
0110011001110100
1010000101110100
0101010101110100
0111101101110100
0000111101110100
0111000011110100
0000111011110100
0000110111110100
0000101111110100
0000011111110100
1011110000001100
1110101000001100
1101011000001100
1101100100001100
1110010100001100
1011001100001100
1000111100001100
1100110010001100
1011001010001100
1011000110001100
1010001110001100
1001001110001100
0111001110001100
0011101110001100
0011011110001100
1100110001001100
1011001001001100
1011000101001100
1010001101001100
1001001101001100
0111001101001100
0011101101001100
0011011101001100
1011000011001100
1100100011001100
1100010011001100
1000110011001100
0110110011001100
0101110011001100
1010001011001100
1001001011001100
0111001011001100
0011101011001100
0011011011001100
0100111011001100
1010000111001100
1001000111001100
0111000111001100
0011100111001100
0011010111001100
0100110111001100
1000001111001100
0110001111001100
0101001111001100
0010101111001100
0001101111001100
0010011111001100
0001011111001100
1011100000101100
1011010000101100
1010110000101100
1001110000101100
0111110000101100
0011111000101100
0011110100101100
1100001100101100
1110000010101100
0011110010101100
0101101010101100
1000011010101100
1000100110101100
0101010110101100
0011001110101100
0110111110101100
1101000001101100
0011110001101100
1000101001101100
0110011001101100
0110100101101100
1000010101101100
0011001101101100
0101111101101100
0100110011101100
0011001011101100
0011000111101100
0010001111101100
0001001111101100
1011100000011100
1011010000011100
1010110000011100
1001110000011100
0111110000011100
0011111000011100
0011110100011100
1100001100011100
1101000010011100
0011110010011100
1000101010011100
0110011010011100
0110100110011100
1000010110011100
0011001110011100
0101111110011100
1110000001011100
0011110001011100
0101101001011100
1000011001011100
1000100101011100
0101010101011100
0011001101011100
0110111101011100
0100110011011100
0011001011011100
0011000111011100
0010001111011100
0001001111011100
1011000000111100
1010100000111100
1001100000111100
0111100000111100
1010010000111100
1001010000111100
0111010000111100
1000110000111100
0110110000111100
0101110000111100
1100001000111100
0011101000111100
0011011000111100
0010111000111100
0001111000111100
1100000100111100
0011100100111100
0011010100111100
0010110100111100
0001110100111100
1000001100111100
0110001100111100
0101001100111100
0100101100111100
0100011100111100
0011100010111100
0011010010111100
0010110010111100
0001110010111100
0100001110111100
0011100001111100
0011010001111100
0010110001111100
0001110001111100
0100001101111100
1000000011111100
0110101011111100
0101011011111100
0101100111111100
0110010111111100
0111111100000010
1011110010000010
1111001010000010
1100111010000010
1110100110000010
1101010110000010
1001101110000010
1010011110000010
1011110001000010
1101101001000010
1110011001000010
1111000101000010
1100110101000010
1010101101000010
1001011101000010
1011100011000010
1011010011000010
1010110011000010
1001110011000010
0111110011000010
0011111011000010
0011110111000010
1100001111000010
1111100000100010
1110011000100010
1001111000100010
1101010100100010
1010110100100010
1011001100100010
1100101100100010
1101010010100010
1010101010100010
1101000110100010
1100010110100010
1001010110100010
0111010110100010
0101110110100010
0101011110100010
1110010001100010
1110001001100010
1100011001100010
1010011001100010
0111011001100010
0110111001100010
1001100101100010
0110011101100010
1100100011100010
0011110011100010
1001001011100010
0110011011100010
1010000111100010
0101010111100010
0111101111100010
0000111111100010
1111010000010010
1101101000010010
1010111000010010
1110100100010010
1001110100010010
1011001100010010
1100011100010010
1110100010010010
1001011010010010
1110000110010010
1100100110010010
1010100110010010
0111100110010010
0110110110010010
0110101110010010
1101100001010010
1101001001010010
1100101001010010
1001101001010010
0111101001010010
0101111001010010
1010010101010010
0101101101010010
1100010011010010
0011110011010010
1010001011010010
0101101011010010
1001000111010010
0110100111010010
0111011111010010
0000111111010010
1100110000110010
1011001000110010
1011000100110010
1010001100110010
1001001100110010
0111001100110010
0011101100110010
0011011100110010
1001100010110010
1010010010110010
1100001010110010
0111111010110010
0110100110110010
0101010110110010
0011001110110010
0000111110110010
1010100001110010
1001010001110010
0101101001110010
0110011001110010
1100000101110010
0111110101110010
0011001101110010
0000111101110010
0111000011110010
0000111011110010
0000110111110010
0000101111110010
0000011111110010
1110110000001010
1101101000001010
1011011000001010
1011100100001010
1101010100001010
1110001100001010
1000111100001010
1101010010001010
1010101010001010
1101000110001010
1100010110001010
1001010110001010
0111010110001010
0101110110001010
0101011110001010
1101100001001010
1101001001001010
1100101001001010
1001101001001010
0111101001001010
0101111001001010
1010010101001010
0101101101001010
1110000011001010
0011110011001010
0101101011001010
1000011011001010
1000100111001010
0101010111001010
0011001111001010
0110111111001010
1101010000101010
1010101000101010
1101000100101010
1100010100101010
1001010100101010
0111010100101010
0101110100101010
0101011100101010
1101000010101010
1010100010101010
1100010010101010
1001010010101010
0111010010101010
0101110010101010
1010001010101010
1000101010101010
0110101010101010
0011101010101010
0101011010101010
0010111010101010
1100000110101010
1001000110101010
0111000110101010
0101100110101010
1000010110101010
0110010110101010
0011010110101010
0100110110101010
0001110110101010
0101001110101010
0010101110101010
0100011110101010
0001011110101010
1011000001101010
1000110001101010
0101101001101010
0110011001101010
0110100101101010
0101010101101010
1000001101101010
0011111101101010
0101010011101010
0010101011101010
0101000111101010
0100010111101010
0001010111101010
1101100000011010
1101001000011010
1100101000011010
1001101000011010
0111101000011010
0101111000011010
1010010100011010
0101101100011010
1011000010011010
1000110010011010
0101101010011010
0110011010011010
0110100110011010
0101010110011010
1000001110011010
0011111110011010
1101000001011010
1100100001011010
1001100001011010
0111100001011010
1010010001011010
0101110001011010
1100001001011010
1001001001011010
0111001001011010
1000101001011010
0110101001011010
0011101001011010
0101011001011010
0100111001011010
0001111001011010
1010000101011010
0101100101011010
1000010101011010
0110010101011010
0011010101011010
0010110101011010
0101001101011010
0100101101011010
0001101101011010
0010011101011010
0101100011011010
0101001011011010
0100101011011010
0001101011011010
0010010111011010
1110000000111010
0011110000111010
0101101000111010
1000011000111010
1000100100111010
0101010100111010
0011001100111010
0110111100111010
0101010010111010
0010101010111010
0101000110111010
0100010110111010
0001010110111010
0101100001111010
0101001001111010
0100101001111010
0001101001111010
0010010101111010
1000000011111010
0110110011111010
0011011011111010
0011100111111010
0110001111111010
1101110000000110
1011101000000110
1110011000000110
1110100100000110
1011010100000110
1101001100000110
1000111100000110
1110100010000110
1001011010000110
1110000110000110
1100100110000110
1010100110000110
0111100110000110
0110110110000110
0110101110000110
1110010001000110
1110001001000110
1100011001000110
1010011001000110
0111011001000110
0110111001000110
1001100101000110
0110011101000110
1101000011000110
0011110011000110
1000101011000110
0110011011000110
0110100111000110
1000010111000110
0011001111000110
0101111111000110
1110010000100110
1110001000100110
1100011000100110
1010011000100110
0111011000100110
0110111000100110
1001100100100110
0110011100100110
1011000010100110
1000110010100110
0101101010100110
0110011010100110
0110100110100110
0101010110100110
1000001110100110
0011111110100110
1110000001100110
1001100001100110
1100010001100110
1010010001100110
0111010001100110
0110110001100110
1100001001100110
1010001001100110
0111001001100110
0110101001100110
1000011001100110
0101011001100110
0011011001100110
0100111001100110
0010111001100110
1001000101100110
1000100101100110
0101100101100110
0011100101100110
0110010101100110
0001110101100110
0110001101100110
0001101101100110
0100011101100110
0010011101100110
0110010011100110
0110001011100110
0100011011100110
0010011011100110
0001100111100110
1110100000010110
1001011000010110
1110000100010110
1100100100010110
1010100100010110
0111100100010110
0110110100010110
0110101100010110
1110000010010110
1100100010010110
1010100010010110
0111100010010110
1001010010010110
0110110010010110
1001001010010110
0110101010010110
1000011010010110
0101011010010110
0011011010010110
0001111010010110
1100000110010110
1010000110010110
0111000110010110
1000100110010110
0101100110010110
0011100110010110
0110010110010110
0100110110010110
0010110110010110
0110001110010110
0100101110010110
0010101110010110
0001011110010110
1011000001010110
1000110001010110
0101101001010110
0110011001010110
0110100101010110
0101010101010110
1000001101010110
0011111101010110
0110100011010110
0001011011010110
0110000111010110
0100100111010110
0010100111010110
1101000000110110
0011110000110110
1000101000110110
0110011000110110
0110100100110110
1000010100110110
0011001100110110
0101111100110110
0110100010110110
0001011010110110
0110000110110110
0100100110110110
0010100110110110
0110010001110110
0110001001110110
0100011001110110
0010011001110110
0001100101110110
1000000011110110
0101110011110110
0011101011110110
0011010111110110
0101001111110110
1111000000001110
1000111000001110
1000110100001110
1000101100001110
1000011100001110
0100111100001110
0010111100001110
0001111100001110
1001100010001110
1010010010001110
1100001010001110
0111111010001110
0110100110001110
0101010110001110
0011001110001110
0000111110001110
1010100001001110
1001010001001110
0101101001001110
0110011001001110
1100000101001110
0111110101001110
0011001101001110
0000111101001110
0100110011001110
0011001011001110
0011000111001110
0010001111001110
0001001111001110
1100100000101110
0011110000101110
1001001000101110
0110011000101110
1010000100101110
0101010100101110
0111101100101110
0000111100101110
0101010010101110
0010101010101110
0101000110101110
0100010110101110
0001010110101110
0110010001101110
0110001001101110
0100011001101110
0010011001101110
0001100101101110
1000000011101110
0111100011101110
0001111011101110
0010110111101110
0100101111101110
1100010000011110
0011110000011110
1010001000011110
0101101000011110
1001000100011110
0110100100011110
0111011100011110
0000111100011110
0110100010011110
0001011010011110
0110000110011110
0100100110011110
0010100110011110
0101100001011110
0101001001011110
0100101001011110
0001101001011110
0010010101011110
1000000011011110
0111010011011110
0010111011011110
0001110111011110
0100011111011110
0011100000111110
0011010000111110
0010110000111110
0001110000111110
0100001100111110
1000000010111110
0111001010111110
0100111010111110
0001101110111110
0010011110111110
1000000001111110
0111000101111110
0100110101111110
0010101101111110
0001011101111110
0100000011111110
0010000011111110
0001000011111110
0000100011111110
0000010011111110
0000001011111110
0000000111111110
0111111100000001
1011110010000001
1101101010000001
1110011010000001
1111000110000001
1100110110000001
1010101110000001
1001011110000001
1011110001000001
1111001001000001
1100111001000001
1110100101000001
1101010101000001
1001101101000001
1010011101000001
1011100011000001
1011010011000001
1010110011000001
1001110011000001
0111110011000001
0011111011000001
0011110111000001
1100001111000001
1111010000100001
1101101000100001
1010111000100001
1110100100100001
1001110100100001
1011001100100001
1100011100100001
1101100010100001
1101001010100001
1100101010100001
1001101010100001
0111101010100001
0101111010100001
1010010110100001
0101101110100001
1110100001100001
1001011001100001
1110000101100001
1100100101100001
1010100101100001
0111100101100001
0110110101100001
0110101101100001
1100010011100001
0011110011100001
1010001011100001
0101101011100001
1001000111100001
0110100111100001
0111011111100001
0000111111100001
1111100000010001
1110011000010001
1001111000010001
1101010100010001
1010110100010001
1011001100010001
1100101100010001
1110010010010001
1110001010010001
1100011010010001
1010011010010001
0111011010010001
0110111010010001
1001100110010001
0110011110010001
1101010001010001
1010101001010001
1101000101010001
1100010101010001
1001010101010001
0111010101010001
0101110101010001
0101011101010001
1100100011010001
0011110011010001
1001001011010001
0110011011010001
1010000111010001
0101010111010001
0111101111010001
0000111111010001
1100110000110001
1011001000110001
1011000100110001
1010001100110001
1001001100110001
0111001100110001
0011101100110001
0011011100110001
1010100010110001
1001010010110001
0101101010110001
0110011010110001
1100000110110001
0111110110110001
0011001110110001
0000111110110001
1001100001110001
1010010001110001
1100001001110001
0111111001110001
0110100101110001
0101010101110001
0011001101110001
0000111101110001
0111000011110001
0000111011110001
0000110111110001
0000101111110001
0000011111110001
1101110000001001
1011101000001001
1110011000001001
1110100100001001
1011010100001001
1101001100001001
1000111100001001
1110010010001001
1110001010001001
1100011010001001
1010011010001001
0111011010001001
0110111010001001
1001100110001001
0110011110001001
1110100001001001
1001011001001001
1110000101001001
1100100101001001
1010100101001001
0111100101001001
0110110101001001
0110101101001001
1101000011001001
0011110011001001
1000101011001001
0110011011001001
0110100111001001
1000010111001001
0011001111001001
0101111111001001
1110100000101001
1001011000101001
1110000100101001
1100100100101001
1010100100101001
0111100100101001
0110110100101001
0110101100101001
1011000010101001
1000110010101001
0101101010101001
0110011010101001
0110100110101001
0101010110101001
1000001110101001
0011111110101001
1110000001101001
1100100001101001
1010100001101001
0111100001101001
1001010001101001
0110110001101001
1001001001101001
0110101001101001
1000011001101001
0101011001101001
0011011001101001
0001111001101001
1100000101101001
1010000101101001
0111000101101001
1000100101101001
0101100101101001
0011100101101001
0110010101101001
0100110101101001
0010110101101001
0110001101101001
0100101101101001
0010101101101001
0001011101101001
0110100011101001
0001011011101001
0110000111101001
0100100111101001
0010100111101001
1110010000011001
1110001000011001
1100011000011001
1010011000011001
0111011000011001
0110111000011001
1001100100011001
0110011100011001
1110000010011001
1001100010011001
1100010010011001
1010010010011001
0111010010011001
0110110010011001
1100001010011001
1010001010011001
0111001010011001
0110101010011001
1000011010011001
0101011010011001
0011011010011001
0100111010011001
0010111010011001
1001000110011001
1000100110011001
0101100110011001
0011100110011001
0110010110011001
0001110110011001
0110001110011001
0001101110011001
0100011110011001
0010011110011001
1011000001011001
1000110001011001
0101101001011001
0110011001011001
0110100101011001
0101010101011001
1000001101011001
0011111101011001
0110010011011001
0110001011011001
0100011011011001
0010011011011001
0001100111011001
1101000000111001
0011110000111001
1000101000111001
0110011000111001
0110100100111001
1000010100111001
0011001100111001
0101111100111001
0110010010111001
0110001010111001
0100011010111001
0010011010111001
0001100110111001
0110100001111001
0001011001111001
0110000101111001
0100100101111001
0010100101111001
1000000011111001
0101110011111001
0011101011111001
0011010111111001
0101001111111001
1110110000000101
1101101000000101
1011011000000101
1011100100000101
1101010100000101
1110001100000101
1000111100000101
1101100010000101
1101001010000101
1100101010000101
1001101010000101
0111101010000101
0101111010000101
1010010110000101
0101101110000101
1101010001000101
1010101001000101
1101000101000101
1100010101000101
1001010101000101
0111010101000101
0101110101000101
0101011101000101
1110000011000101
0011110011000101
0101101011000101
1000011011000101
1000100111000101
0101010111000101
0011001111000101
0110111111000101
1101100000100101
1101001000100101
1100101000100101
1001101000100101
0111101000100101
0101111000100101
1010010100100101
0101101100100101
1101000010100101
1100100010100101
1001100010100101
0111100010100101
1010010010100101
0101110010100101
1100001010100101
1001001010100101
0111001010100101
1000101010100101
0110101010100101
0011101010100101
0101011010100101
0100111010100101
0001111010100101
1010000110100101
0101100110100101
1000010110100101
0110010110100101
0011010110100101
0010110110100101
0101001110100101
0100101110100101
0001101110100101
0010011110100101
1011000001100101
1000110001100101
0101101001100101
0110011001100101
0110100101100101
0101010101100101
1000001101100101
0011111101100101
0101100011100101
0101001011100101
0100101011100101
0001101011100101
0010010111100101
1101010000010101
1010101000010101
1101000100010101
1100010100010101
1001010100010101
0111010100010101
0101110100010101
0101011100010101
1011000010010101
1000110010010101
0101101010010101
0110011010010101
0110100110010101
0101010110010101
1000001110010101
0011111110010101
1101000001010101
1010100001010101
1100010001010101
1001010001010101
0111010001010101
0101110001010101
1010001001010101
1000101001010101
0110101001010101
0011101001010101
0101011001010101
0010111001010101
1100000101010101
1001000101010101
0111000101010101
0101100101010101
1000010101010101
0110010101010101
0011010101010101
0100110101010101
0001110101010101
0101001101010101
0010101101010101
0100011101010101
0001011101010101
0101010011010101
0010101011010101
0101000111010101
0100010111010101
0001010111010101
1110000000110101
0011110000110101
0101101000110101
1000011000110101
1000100100110101
0101010100110101
0011001100110101
0110111100110101
0101100010110101
0101001010110101
0100101010110101
0001101010110101
0010010110110101
0101010001110101
0010101001110101
0101000101110101
0100010101110101
0001010101110101
1000000011110101
0110110011110101
0011011011110101
0011100111110101
0110001111110101
1111000000001101
1000111000001101
1000110100001101
1000101100001101
1000011100001101
0100111100001101
0010111100001101
0001111100001101
1010100010001101
1001010010001101
0101101010001101
0110011010001101
1100000110001101
0111110110001101
0011001110001101
0000111110001101
1001100001001101
1010010001001101
1100001001001101
0111111001001101
0110100101001101
0101010101001101
0011001101001101
0000111101001101
0100110011001101
0011001011001101
0011000111001101
0010001111001101
0001001111001101
1100010000101101
0011110000101101
1010001000101101
0101101000101101
1001000100101101
0110100100101101
0111011100101101
0000111100101101
0101100010101101
0101001010101101
0100101010101101
0001101010101101
0010010110101101
0110100001101101
0001011001101101
0110000101101101
0100100101101101
0010100101101101
1000000011101101
0111010011101101
0010111011101101
0001110111101101
0100011111101101
1100100000011101
0011110000011101
1001001000011101
0110011000011101
1010000100011101
0101010100011101
0111101100011101
0000111100011101
0110010010011101
0110001010011101
0100011010011101
0010011010011101
0001100110011101
0101010001011101
0010101001011101
0101000101011101
0100010101011101
0001010101011101
1000000011011101
0111100011011101
0001111011011101
0010110111011101
0100101111011101
0011100000111101
0011010000111101
0010110000111101
0001110000111101
0100001100111101
1000000010111101
0111000110111101
0100110110111101
0010101110111101
0001011110111101
1000000001111101
0111001001111101
0100111001111101
0001101101111101
0010011101111101
0100000011111101
0010000011111101
0001000011111101
0000100011111101
0000010011111101
0000001011111101
0000000111111101
1011110000000011
1110101000000011
1101011000000011
1101100100000011
1110010100000011
1011001100000011
1000111100000011
1011100010000011
1011010010000011
1010110010000011
1001110010000011
0111110010000011
0011111010000011
0011110110000011
1100001110000011
1011100001000011
1011010001000011
1010110001000011
1001110001000011
0111110001000011
0011111001000011
0011110101000011
1100001101000011
1011000011000011
1010100011000011
1001100011000011
0111100011000011
1010010011000011
1001010011000011
0111010011000011
1000110011000011
0110110011000011
0101110011000011
1100001011000011
0011101011000011
0011011011000011
0010111011000011
0001111011000011
1100000111000011
0011100111000011
0011010111000011
0010110111000011
0001110111000011
1000001111000011
0110001111000011
0101001111000011
0100101111000011
0100011111000011
1100110000100011
1011001000100011
1011000100100011
1010001100100011
1001001100100011
0111001100100011
0011101100100011
0011011100100011
1110000010100011
0011110010100011
0101101010100011
1000011010100011
1000100110100011
0101010110100011
0011001110100011
0110111110100011
1101000001100011
0011110001100011
1000101001100011
0110011001100011
0110100101100011
1000010101100011
0011001101100011
0101111101100011
0011100011100011
0011010011100011
0010110011100011
0001110011100011
0100001111100011
1100110000010011
1011001000010011
1011000100010011
1010001100010011
1001001100010011
0111001100010011
0011101100010011
0011011100010011
1101000010010011
0011110010010011
1000101010010011
0110011010010011
0110100110010011
1000010110010011
0011001110010011
0101111110010011
1110000001010011
0011110001010011
0101101001010011
1000011001010011
1000100101010011
0101010101010011
0011001101010011
0110111101010011
0011100011010011
0011010011010011
0010110011010011
0001110011010011
0100001111010011
1011000000110011
1100100000110011
1100010000110011
1000110000110011
0110110000110011
0101110000110011
1010001000110011
1001001000110011
0111001000110011
0011101000110011
0011011000110011
0100111000110011
1010000100110011
1001000100110011
0111000100110011
0011100100110011
0011010100110011
0100110100110011
1000001100110011
0110001100110011
0101001100110011
0010101100110011
0001101100110011
0010011100110011
0001011100110011
0100110010110011
0011001010110011
0011000110110011
0010001110110011
0001001110110011
0100110001110011
0011001001110011
0011000101110011
0010001101110011
0001001101110011
1000000011110011
0110101011110011
0101011011110011
0101100111110011
0110010111110011
1111000000001011
1000111000001011
1000110100001011
1000101100001011
1000011100001011
0100111100001011
0010111100001011
0001111100001011
1100100010001011
0011110010001011
1001001010001011
0110011010001011
1010000110001011
0101010110001011
0111101110001011
0000111110001011
1100010001001011
0011110001001011
1010001001001011
0101101001001011
1001000101001011
0110100101001011
0111011101001011
0000111101001011
0011100011001011
0011010011001011
0010110011001011
0001110011001011
0100001111001011
1001100000101011
1010010000101011
1100001000101011
0111111000101011
0110100100101011
0101010100101011
0011001100101011
0000111100101011
0101010010101011
0010101010101011
0101000110101011
0100010110101011
0001010110101011
0110100001101011
0001011001101011
0110000101101011
0100100101101011
0010100101101011
1000000011101011
0111001011101011
0100111011101011
0001101111101011
0010011111101011
1010100000011011
1001010000011011
0101101000011011
0110011000011011
1100000100011011
0111110100011011
0011001100011011
0000111100011011
0110010010011011
0110001010011011
0100011010011011
0010011010011011
0001100110011011
0101100001011011
0101001001011011
0100101001011011
0001101001011011
0010010101011011
1000000011011011
0111000111011011
0100110111011011
0010101111011011
0001011111011011
0100110000111011
0011001000111011
0011000100111011
0010001100111011
0001001100111011
1000000010111011
0111100010111011
0001111010111011
0010110110111011
0100101110111011
1000000001111011
0111010001111011
0010111001111011
0001110101111011
0100011101111011
0100000011111011
0010000011111011
0001000011111011
0000100011111011
0000010011111011
0000001011111011
0000000111111011
1111000000000111
1000111000000111
1000110100000111
1000101100000111
1000011100000111
0100111100000111
0010111100000111
0001111100000111
1100010010000111
0011110010000111
1010001010000111
0101101010000111
1001000110000111
0110100110000111
0111011110000111
0000111110000111
1100100001000111
0011110001000111
1001001001000111
0110011001000111
1010000101000111
0101010101000111
0111101101000111
0000111101000111
0011100011000111
0011010011000111
0010110011000111
0001110011000111
0100001111000111
1010100000100111
1001010000100111
0101101000100111
0110011000100111
1100000100100111
0111110100100111
0011001100100111
0000111100100111
0101100010100111
0101001010100111
0100101010100111
0001101010100111
0010010110100111
0110010001100111
0110001001100111
0100011001100111
0010011001100111
0001100101100111
1000000011100111
0111000111100111
0100110111100111
0010101111100111
0001011111100111
1001100000010111
1010010000010111
1100001000010111
0111111000010111
0110100100010111
0101010100010111
0011001100010111
0000111100010111
0110100010010111
0001011010010111
0110000110010111
0100100110010111
0010100110010111
0101010001010111
0010101001010111
0101000101010111
0100010101010111
0001010101010111
1000000011010111
0111001011010111
0100111011010111
0001101111010111
0010011111010111
0100110000110111
0011001000110111
0011000100110111
0010001100110111
0001001100110111
1000000010110111
0111010010110111
0010111010110111
0001110110110111
0100011110110111
1000000001110111
0111100001110111
0001111001110111
0010110101110111
0100101101110111
0100000011110111
0010000011110111
0001000011110111
0000100011110111
0000010011110111
0000001011110111
0000000111110111
1110000000001111
1101000000001111
1011000000001111
0111100000001111
0111010000001111
1000110000001111
0111001000001111
1000101000001111
1000011000001111
0100111000001111
0010111000001111
0001111000001111
0111000100001111
1000100100001111
1000010100001111
0100110100001111
0010110100001111
0001110100001111
1000001100001111
0100101100001111
0010101100001111
0001101100001111
0100011100001111
0010011100001111
0001011100001111
0111000010001111
0000111010001111
0000110110001111
0000101110001111
0000011110001111
0111000001001111
0000111001001111
0000110101001111
0000101101001111
0000011101001111
1000000011001111
0110101011001111
0101011011001111
0101100111001111
0110010111001111
0111000000101111
0000111000101111
0000110100101111
0000101100101111
0000011100101111
1000000010101111
0110110010101111
0011011010101111
0011100110101111
0110001110101111
1000000001101111
0101110001101111
0011101001101111
0011010101101111
0101001101101111
0100000011101111
0010000011101111
0001000011101111
0000100011101111
0000010011101111
0000001011101111
0000000111101111
0111000000011111
0000111000011111
0000110100011111
0000101100011111
0000011100011111
1000000010011111
0101110010011111
0011101010011111
0011010110011111
0101001110011111
1000000001011111
0110110001011111
0011011001011111
0011100101011111
0110001101011111
0100000011011111
0010000011011111
0001000011011111
0000100011011111
0000010011011111
0000001011011111
0000000111011111
1000000000111111
0110101000111111
0101011000111111
0101100100111111
0110010100111111
0100000010111111
0010000010111111
0001000010111111
0000100010111111
0000010010111111
0000001010111111
0000000110111111
0100000001111111
0010000001111111
0001000001111111
0000100001111111
0000010001111111
0000001001111111
0000000101111111
