1101111011100000000
1011101110110000000
1110111101110000000
1111010111110000000
1110111111001000000
1101011101101000000
1111101100011000000
1101110111011000000
0110111010111000000
0111011110111000000
0011111101111000000
1111101011111000000
1000110111111000000
1111100110100100000
1111011111100100000
0011111111100100000
1001111011010100000
0110011111010100000
0101111100110100000
1101001110110100000
1110101110110100000
0111100011110100000
1111110110001100000
0101101111001100000
1011111000101100000
1110110101101100000
0110111011101100000
1010001111101100000
0110111001011100000
1011011101011100000
1111010011011100000
0011101111011100000
1110011100111100000
1011010110111100000
1001111110111100000
1101100101111100000
0111110101111100000
0010110011111100000
1100011011111100000
0111111110100010000
1111101101100010000
1111110011010010000
1101001111010010000
1101110100110010000
1010011011110010000
0110110111110010000
0111101111110010000
1001111111110010000
0111110101001010000
1001111100101010000
1111100010101010000
0101101101101010000
1100111101101010000
1110010011101010000
1011001111101010000
1111011000011010000
1010111110011010000
1011101001011010000
0011111011011010000
1110100111011010000
0111010111011010000
1100011110111010000
1011110001111010000
1111000101111010000
1010101101111010000
0100101011111010000
0001011111111010000
1011111100000110000
0111111011000110000
1101110111000110000
1110101111000110000
1111110001100110000
1010110111100110000
0101001111100110000
1101111100010110000
1011101010010110000
0011110110010110000
1010011110010110000
0111101101010110000
1100111000110110000
1111011010110110000
1101001001110110000
1010010101110110000
0011011101110110000
1101000111110110000
1000001111110110000
1110111010001110000
0111011110001110000
1101011001001110000
1011000111001110000
1011100100101110000
1011011100101110000
0010111100101110000
1100100110101110000
0101101110101110000
1111101001101110000
0011001011101110000
1000111011101110000
0001110111101110000
0101110010011110000
1111001110011110000
1110100001011110000
1000111101011110000
1101101011011110000
1100010111011110000
0100111111011110000
0111101000111110000
1110110010111110000
0011111010111110000
0110000110111110000
0101010001111110000
1001011001111110000
0110001101111110000
1001100011111110000
1111101111000001000
1111111100100001000
0110011111100001000
1111011011010001000
1011111111010001000
1110110010110001000
0111100101110001000
1001011101110001000
1011110101001001000
0101111011001001000
1100111010101001000
0011011110101001000
0111111001101001000
1101100011101001000
1110100111101001000
1110111010011001000
1111010110011001000
1001111110011001000
1100011101011001000
0010101111011001000
1010111000111001000
0101011100111001000
1110001010111001000
0111000110111001000
1101010001111001000
1101001101111001000
1011011011111001000
0011110111111001000
0100111111111001000
0101111101000101000
1111010011000101000
1011111010100101000
1110111001100101000
1011001101100101000
1001110111100101000
1111001100010101000
0111111010010101000
1100111110010101000
1111110001010101000
1010111101010101000
0011100111010101000
1010110110110101000
0110011110110101000
1111001001110101000
0110001101110101000
1100101011110101000
0010011011110101000
0101100111110101000
0100010111110101000
1111101100001101000
1011110010001101000
1110010110001101000
0101110110001101000
1111001011001101000
0101011111001101000
0000111111001101000
0111110000101101000
1001011010101101000
0110101110101101000
1100101101101101000
1001111101101101000
0111010011101101000
0011101011101101000
1101101000011101000
1110100100011101000
0011101100011101000
0111010101011101000
1100110011011101000
0110101011011101000
1001000111011101000
1110001111011101000
0101111000111101000
0001110100111101000
1000111100111101000
1111100010111101000
1101010110111101000
1011100001111101000
1010010101111101000
0101001011111101000
1000101111111101000
1101111110000011000
1110110101000011000
1111001010100011000
0011111101100011000
1110111011100011000
1111010111100011000
1000111111100011000
0111011100010011000
1111100110010011000
1101111001010011000
0110101011010011000
0001110111010011000
1111111000110011000
1110001100110011000
0101101010110011000
1011010110110011000
1100101110110011000
1011101001110011000
0100111101110011000
0101011011110011000
1010100111110011000
0011001111110011000
1111010100001011000
0110111110001011000
1111100001001011000
1101110101001011000
1001111011001011000
1101001111001011000
1010011111001011000
1011110110101011000
1010101110101011000
1011011001101011000
0011100011101011000
0101010111101011000
1000001111101011000
1110011100011011000
1011001010011011000
0100110110011011000
1001101101011011000
0111101101011011000
0011011101011011000
1010110011011011000
0111110000111011000
1110100100111011000
1001110010111011000
1101001010111011000
0001101110111011000
0110001001111011000
0010010101111011000
0110100011111011000
1100000111111011000
1111011101000111000
1100011011000111000
0011010111000111000
1011101111000111000
1101010100100111000
1110101100100111000
0101111010100111000
0110110110100111000
1001101110100111000
0111011001100111000
1101100011100111000
0010101011100111000
1110000111100111000
1101110010010111000
0101101110010111000
1001011110010111000
0011110001010111000
1100100101010111000
1110010011010111000
0010110111010111000
0010111000110111000
0111110100110111000
0111000010110111000
1001100101110111000
1100011101110111000
1001010011110111000
0000111011110111000
1100111100001111000
0011101010001111000
1010111001001111000
0110001101001111000
0111100111001111000
1111010000101111000
0111000100101111000
1010110010101111000
1100011110101111000
0001101001101111000
1000010101101111000
0110110101101111000
0100110011101111000
1110001011101111000
0010011111101111000
1011110100011111000
1000101010011111000
0110011010011111000
0101000110011111000
0111011001011111000
1010000101011111000
0001111101011111000
1011000011011111000
0001011011011111000
1010010000111111000
1010101000111111000
1001001100111111000
0100101100111111000
0011000110111111000
0000011110111111000
1100110001111111000
0000100111111111000
1011101011100000100
1111110111100000100
1111111110010000100
1001111101010000100
0111110011010000100
1110001111010000100
0110111100110000100
1011100101110000100
0011010111110000100
1011001111110000100
1111111010001000100
1011011111001000100
1111010100101000100
0110110110101000100
1111101101101000100
0010101111101000100
0101111111101000100
0100111110011000100
1111011001011000100
1110110101011000100
1101111000111000100
1011110010111000100
1100101110111000100
0111001001111000100
1110100011111000100
0101101011111000100
1000011011111000100
0101000111111000100
1001111110000100100
1110010111000100100
0111101100100100100
1101111010100100100
1010111101100100100
0101110011100100100
1100011011100100100
0111110100010100100
1111101001010100100
1110011101010100100
1000110111010100100
1001101111010100100
0001011111010100100
0111011000110100100
0011111100110100100
1010111010110100100
1110110001110100100
1101010101110100100
0111010011110100100
0100101111110100100
0110011110001100100
1101110001001100100
1010101101001100100
0111011101001100100
0011110111001100100
1100111111001100100
1110001110101100100
0101011110101100100
0011011001101100100
1111000011101100100
1000100111101100100
1001010111101100100
1101011100011100100
0111101010011100100
1011011010011100100
1101100110011100100
1010101110011100100
1111000101011100100
1011100011011100100
1100001011011100100
1110101000111100100
1000110100111100100
1011000010111100100
1100010010111100100
0110100110111100100
0011001110111100100
1001101001111100100
0100011001111100100
0101101101111100100
0001111011111100100
0010011111111100100
1111001101000010100
1011110011000010100
1011011010100010100
1010111110100010100
0011111001100010100
1100100111100010100
0100011111100010100
1110110010010010100
0111001110010010100
1111010001010010100
0101111101010010100
1101100011010010100
0010111111010010100
1111011100110010100
0101111010110010100
1101100110110010100
1110101001110010100
1100111011110010100
0001100111110010100
1111100110001010100
0001111110001010100
1100111001001010100
1011111101001010100
0111101011001010100
0110011111001010100
0111111000101010100
1110101100101010100
1101011110101010100
1001010101101010100
1001110011101010100
1101001011101010100
0011010111101010100
1011110100011010100
1010100110011010100
1101010110011010100
1010011001011010100
0101011011011010100
0011001111011010100
1000101111011010100
0111100100111010100
0010011100111010100
0111010010111010100
1001101010111010100
1011000110111010100
1110010101111010100
0100110101111010100
1001001101111010100
0010110011111010100
1010001011111010100
0111110110000110100
1101111001000110100
0110111101000110100
1111001011000110100
1010111011000110100
1100011100100110100
1110101010100110100
1111100101100110100
0111010101100110100
1001101101100110100
0010101111100110100
1000011111100110100
1101011010010110100
0110111010010110100
0110100110010110100
0100110101010110100
1100101101010110100
1011010111010110100
1011110000110110100
1011001100110110100
1110010110110110100
0001010110110110100
0100111110110110100
0011101001110110100
0001110101110110100
1011000011110110100
0000110011110110100
0110001011110110100
1101101000001110100
1110110100001110100
1111010010001110100
1001110110001110100
1001001110001110100
0001111001001110100
0100100111001110100
0101110100101110100
1011101010101110100
0110011010101110100
1010010110101110100
0010110001101110100
1110011001101110100
1100000101101110100
1100100011101110100
0111000111101110100
1100010100011110100
1110001100011110100
0010111100011110100
1000111010011110100
0111110001011110100
0011100101011110100
1001010101011110100
0101001101011110100
0010010011011110100
0110101011011110100
1111000000111110100
1101110000111110100
0000101100111110100
0010100010111110100
0101001010111110100
1010100101111110100
0100010111111110100
1101110110000001100
1010011111000001100
0110111111000001100
1111011010100001100
1111000101100001100
0001111101100001100
1010110111100001100
0011011110010001100
1111100101010001100
0101101111010001100
1111100000110001100
1101010010110001100
0011110010110001100
0010101110110001100
0001111110110001100
1000111001110001100
1100100101110001100
0111011101110001100
0111101011110001100
1100011111110001100
1011101110001001100
1110101001001001100
1111110011001001100
0111000111001001100
1001101100101001100
1110111100101001100
0111101010101001100
1110010001101001100
1011010101101001100
1000111011101001100
1100001111101001100
0111111100011001100
1010110110011001100
1101001110011001100
0011111001011001100
0101110101011001100
1011001101011001100
1001010011011001100
1101101011011001100
0110011011011001100
1110010111011001100
1101110100111001100
1010011110111001100
0100110001111001100
0010101101111001100
0101010011111001100
0000101011111001100
0010000111111001100
1001100111111001100
1101011100000101100
1111101010000101100
1100101110000101100
1011111001000101100
0011011111000101100
1111110000100101100
0110111010100101100
0111010110100101100
0101101001100101100
0100111101100101100
1011010011100101100
0110100111100101100
1101001111100101100
1110011000010101100
1011010100010101100
1110100011010101100
0011001011010101100
0101111011010101100
1101010111010101100
1101101100110101100
1110000110110101100
1001100110110101100
1000011110110101100
1001110001110101100
0010110101110101100
1010101011110101100
0110111100001101100
1111000010001101100
0111001110001101100
1101100101001101100
0110110011001101100
1001101011001101100
1010011011001101100
1111001000101101100
1010011100101101100
1010100010101101100
1100110110101101100
0011110110101101100
1101011001101101100
0011100101101101100
0100010101101101100
0001001111101101100
1011111000011101100
0111010010011101100
0000111010011101100
1100111001011101100
0110100101011101100
0001101101011101100
0000011101011101100
0000110111011101100
0110110000111101100
1011000100111101100
0100001100111101100
0101100010111101100
1001001010111101100
0011010001111101100
1010001001111101100
0110000011111101100
1110111000000011100
0111011010000011100
0011101101000011100
1001011111000011100
0011110100100011100
1101001100100011100
0111101110100011100
1101110001100011100
1110001101100011100
0010011101100011100
0110010011100011100
1001101011100011100
0101110111100011100
1110101010010011100
1000111010010011100
0111010110010011100
0100011110010011100
1010111101010011100
1011011011010011100
1010000111010011100
1100110111010011100
1110010100110011100
1011101100110011100
0110110001110011100
0101001001110011100
1001010101110011100
1111000011110011100
1110001110001011100
0110111001001011100
0101011101001011100
1100010011001011100
1001100111001011100
0010110111001011100
0100101111001011100
1001111000101011100
1000110100101011100
1110010010101011100
0010111010101011100
0101100110101011100
0111001001101011100
0110100101101011100
1010000011101011100
0001011011101011100
1101100000011011100
0100101100011011100
1001011100011011100
0011111010011011100
0011100110011011100
0111000001011011100
1011100001011011100
0011001000111011100
1100011000111011100
0100110010111011100
1000000110111011100
0110001110111011100
0001110001111011100
1100101001111011100
0000011101111011100
1111100100000111100
1010110110000111100
1110011110000111100
1001110101000111100
0111100011000111100
1101000111000111100
0000101111000111100
1001011000100111100
0101011100100111100
1001100010100111100
1100110010100111100
1011000110100111100
0010001110100111100
1010100001100111100
0011110011100111100
0111101000010111100
1010101100010111100
0001111100010111100
1011100010010111100
1001001001010111100
0100111001010111100
0110010101010111100
0101010011010111100
0110001111010111100
0100100100110111100
1000110100110111100
1100001010110111100
0001101010110111100
0011011010110111100
1100000001110111100
1010011001110111100
0111000101110111100
0001001111110111100
0111110000001111100
0010110100001111100
0011011100001111100
1000011010001111100
0101111010001111100
1011010001001111100
1100010101001111100
1011001101001111100
1010100011001111100
0100001011001111100
0100101000101111100
0011101100101111100
1101000010101111100
0001010010101111100
0000111110101111100
0101100001101111100
1000101101101111100
1000110000011111100
1101001000011111100
0101010100011111100
1110000010011111100
1100100110011111100
0010010110011111100
0010101001011111100
0001100011011111100
1000001111011111100
0110011000111111100
0001000101111111100
1000010011111111100
1011110111000000010
0111011101100000010
1110101111100000010
1101111110010000010
1010111011010000010
1111011000110000010
1101110101110000010
0111111011110000010
0001101111110000010
1101110110001000010
1111001101001000010
0111111111001000010
0011110110101000010
1100111110101000010
1011111001101000010
1010011101101000010
1111000111101000010
0110100111101000010
1011011110011000010
0111110001011000010
1101101011011000010
0100011111011000010
1101110010111000010
1110100110111000010
1100111001111000010
0110101101111000010
0110010011111000010
1011001011111000010
0101100111111000010
1111111101000100010
1010011110100100010
1011101001100100010
0100110111100100010
1101101111100100010
1111101010010100010
0011111001010100010
1111000101010100010
1011011011010100010
1100100111010100010
1110110000110100010
0111110110110100010
1000111101110100010
1110001011110100010
0101011011110100010
1001010111110100010
0010111111110100010
0111111000001100010
1011101110001100010
1101011110001100010
1111100011001100010
1010011111001100010
0111010100101100010
0111101100101100010
0100111100101100010
1111011010101100010
1001110001101100010
0011100101101100010
1010010011101100010
0100101011101100010
0000011111101100010
1101110100011100010
1110111100011100010
1010110010011100010
0110001110011100010
0111001001011100010
0101111001011100010
1001001101011100010
0110010111011100010
0001110111011100010
1011100100111100010
1101000010111100010
0001111010111100010
1000101110111100010
1111010001111100010
1100001101111100010
1010100011111100010
0011000111111100010
1111011110000010010
1111111001000010010
1100111111000010010
1110110110100010010
1101100101100010010
1111001011100010010
0010111011100010010
0111101010010010010
1011110110010010010
1001110101010010010
0110111101010010010
1011000111010010010
0011111100110010010
1000111010110010010
0101011110110010010
0101110001110010010
1010111001110010010
1100010101110010010
1110001101110010010
1010100011110010010
1011111010001010010
1101110011001010010
1001101011001010010
0110011011001010010
0011101111001010010
1110011000101010010
1111110100101010010
0101111010101010010
0111001110101010010
1100011011101010010
1001010111101010010
0100110111101010010
1000101111101010010
0111100100011010010
1100101100011010010
1011101100011010010
1110010110011010010
0001111110011010010
0010110101011010010
1101011101011010010
1001011011011010010
1011010000111010010
1101001000111010010
0111011000111010010
1110101010111010010
1001100110111010010
0010001110111010010
0011101001111010010
0111000011111010010
1010010111111010010
1101101010000110010
1110010101000110010
0011001111000110010
0001111111000110010
1110111000100110010
1111001100100110010
1011110010100110010
1101010110100110010
0011101110100110010
0110101101100110010
1001011101100110010
0111010011100110010
1001111011100110010
0110011111100110010
1110101000010110010
1111000010010110010
0001011110010110010
0100111110010110010
0101011101010110010
0110110011010110010
0111000111010110010
1010101111010110010
0110010100110110010
1001101100110110010
0011011010110110010
0101100110110110010
1111100001110110010
0011100101110110010
1100010011110110010
0001110011110110010
0100101011110110010
1000110110001110010
0110101110001110010
1010101001001110010
1011110101001110010
1101101101001110010
0011011101001110010
1110110011001110010
0101010111001110010
1100001111001110010
0111100010101110010
1001001010101110010
0101110001101110010
1110000101101110010
0010100111101110010
1001111000011110010
0111010100011110010
1100011010011110010
1100010001011110010
1110001001011110010
0011010011011110010
0000101011011110010
1001100111011110010
0001010100111110010
1100110100111110010
1010001100111110010
0100001010111110010
0010110110111110010
0100100001111110010
0010011001111110010
0000111101111110010
0001001111111110010
0111010111000001010
0011111010100001010
1111100110100001010
1100011110100001010
1101111001100001010
0111001011100001010
1111110100010001010
0101111100010001010
0110111110010001010
1110101001010001010
1101101101010001010
0101011111010001010
1001111100110001010
1101101010110001010
1011110001110001010
1110010011110001010
1101000111110001010
0000110111110001010
1010001111110001010
0011111100001001010
1100101110001001010
1111011001001001010
1011100111001001010
1000110111001001010
1111101000101001010
1111010010101001010
0001101110101001010
0010111110101001010
1110110001101001010
0101110101101001010
1010101011101001010
1001011111101001010
1011100010011001010
0101011010011001010
0111101110011001010
1010111101011001010
0110110011011001010
1110000111011001010
0001001111011001010
1111010100111001010
0110110100111001010
1011001100111001010
1000010110111001010
0001101001111001010
1000100101111001010
0110011101111001010
0011010011111001010
1000110011111001010
1110011010000101010
0111100110000101010
0110110101000101010
0111110011000101010
1001001111000101010
1000111111000101010
1101100100100101010
1110011100100101010
1110100010100101010
1011000110100101010
0101111110100101010
1011110101100101010
1101010011100101010
0011001111100101010
0011111100010101010
1001110010010101010
1111010110010101010
1101011001010101010
1010010111010101010
0110101111010101010
0111101000110101010
1010101100110101010
0100110010110101010
0001011110110101010
0100111001110101010
1110100101110101010
0011010101110101010
1001101011110101010
1101111010001101010
1000111001001101010
1101010101001101010
1110101011001101010
0011011011001101010
1010110100101101010
1101001100101101010
0111100001101101010
1100001001101101010
0110011001101101010
0010101101101101010
0110000111101101010
0001100111101101010
1100010111101101010
1011010000011101010
0010011100011101010
0011110010011101010
1001001110011101010
1011101001011101010
1100110101011101010
0100101101011101010
0101100011011101010
1000001011011101010
1100011000111101010
0111001010111101010
0010101010111101010
1010011010111101010
0100100110111101010
1110000001111101010
0001011001111101010
0101000101111101010
1011101100000011010
1110001011000011010
0011111011000011010
0101101111000011010
0110111100100011010
1011011110100011010
1111000001100011010
1010100101100011010
0111100101100011010
0101011101100011010
0001110011100011010
1001001011100011010
1010110100010011010
1101010010010011010
1110001110010011010
0011011001010011010
1111010101010011010
1100100011010011010
1000011111010011010
0101101100110011010
1010011100110011010
0111110010110011010
1011101010110011010
0110011010110011010
0010100110110011010
1100110110110011010
0001010111110011010
0100001111110011010
1010111000001011010
1001011100001011010
0111110010001011010
1110101101001011010
1011010011001011010
0110100111001011010
1100110000101011010
0110101000101011010
1101000110101011010
0110010110101011010
1100001101101011010
0011001101101011010
0000111101101011010
0101101011101011010
0000011011101011010
1101111000011011010
1101100110011011010
0011010110011011010
1110010001011011010
0100111001011011010
0101000101011011010
0111001011011011010
1000101011011011010
0010011111011011010
0001110100111011010
0000111010111011010
1101100001111011010
1000011001111011010
1011000101111011010
0100010011111011010
1101110000000111010
1110110100000111010
0111011010000111010
0010111110000111010
0111101001000111010
1010011001000111010
1011100011000111010
0100111011000111010
1100100111000111010
0001110100100111010
1000111100100111010
0100001110100111010
1100101001100111010
1010010011100111010
1100011100010111010
1010111010010111010
1000100110010111010
0011001110010111010
0001101001010111010
0101110101010111010
1011001101010111010
1101001011010111010
0100000111010111010
1011000000110111010
1001011000110111010
0111001100110111010
1110000010110111010
0110010001110111010
1000110001110111010
0000001101110111010
0011100011110111010
1111001000001111010
0101101100001111010
1111000110001111010
1010001110001111010
0001011110001111010
0010110001001111010
1001100101001111010
0100011101001111010
0101000011001111010
0101011000101111010
0011111000101111010
0010010010101111010
1001110010101111010
1100101010101111010
1010100110101111010
1001001001101111010
0011010101101111010
1000000011101111010
1111100000011111010
1100001000011111010
0110111000011111010
0000110100011111010
0110100010011111010
1000010110011111010
1001010001011111010
0010100101011111010
0001100000111111010
1100000100111111010
0101010010111111010
0010001011111111010
0111101110000000110
1110111011000000110
1101011111000000110
1011111100100000110
0101110110100000110
1110110001100000110
0011011111100000110
1110011010010000110
0111101101010000110
0100111011010000110
1111100010110000110
1011010110110000110
1000111110110000110
1101001101110000110
1001110011110000110
1101011011110000110
1010100111110000110
0110010111110000110
1011111000001000110
0100111101001000110
0111010011001000110
1001101111001000110
0111110010101000110
1110001010101000110
1001001110101000110
1101100001101000110
0001111011101000110
1100010111101000110
1010110111101000110
1111110000011000110
0111011100011000110
1010111100011000110
1111000110011000110
1110101001011000110
1001111001011000110
0011100011011000110
0100100111011000110
1001010111011000110
0000111111011000110
1011101000111000110
0101100100111000110
1100011100111000110
1110010010111000110
0010011010111000110
0011101110111000110
1010000101111000110
0011110101111000110
0001011101111000110
0110001111111000110
1110111100000100110
1111110010000100110
1101101101000100110
1011001011000100110
0101110111000100110
1111010100100100110
0011101010100100110
0110001110100100110
0111111001100100110
0001110101100100110
1011100011100100110
1000101011100100110
0101000111100100110
1011100110010100110
1100110110010100110
0111011110010100110
1100110001010100110
1011110101010100110
1100001111010100110
0010101111010100110
1111001000110100110
1001011000110100110
1100101100110100110
0101101010110100110
0010110110110100110
0110100001110100110
1010010001110100110
0011001101110100110
0100011101110100110
1110000111110100110
1011010100001100110
1100101010001100110
0011111110001100110
1110011001001100110
0111100101001100110
1101011011001100110
0010111011001100110
1110100111001100110
1101010000101100110
1110000100101100110
1001111100101100110
1010111010101100110
1101100110101100110
1100101001101100110
0110110101101100110
1011001101101100110
0111001011101100110
0001101100011100110
0101010010011100110
0110111010011100110
1000011110011100110
0010010101011100110
0101001111011100110
0011110000111100110
1010011000111100110
0001010110111100110
0010101001111100110
1000010101111100110
1001000011111100110
0100110011111100110
1110101110000010110
0111110101000010110
1000111101000010110
1110010111000010110
1111101000100010110
1101111100100010110
1101010010100010110
1011010101100010110
0111100011100010110
1010001111100010110
0001101111100010110
0111111000010010110
1001011100010010110
0001101110010010110
1110100101010010110
0011011101010010110
1011101011010010110
0101010111010010110
0111000100110010110
1010110100110010110
1100001110110010110
0010011110110010110
1101101001110010110
0110011001110010110
0000101101110010110
0011010011110010110
0001001011110010110
0110100111110010110
1100110100001010110
1111001100001010110
1101101010001010110
0010011110001010110
1011001001001010110
1101000101001010110
0110001101001010110
1010100111001010110
0001111000101010110
0011100100101010110
1010110010101010110
0101010110101010110
0100101110101010110
1111010001101010110
0101011001101010110
1001100101101010110
0010111101101010110
0110101011101010110
0001110010011010110
1010101010011010110
0110110110011010110
0101101001011010110
1111000011011010110
1100110011011010110
1100001111011010110
0110100000111010110
0100111000111010110
1001011010111010110
0000010110111010110
1000110001111010110
0101010101111010110
1100000011111010110
0111011000000110110
1100010110000110110
1011011110000110110
0111100001000110110
1110000011000110110
0101001011000110110
0011100111000110110
0010010111000110110
1010100100100110110
0110110010100110110
1001000110100110110
0000111110100110110
1011011001100110110
0100111001100110110
1100110101100110110
0101001101100110110
0101110000010110110
0010111000010110110
1111100100010110110
1101001110010110110
1001100001010110110
1101010001010110110
1010001101010110110
1000011011010110110
0110011011010110110
0001111011010110110
0110101100110110110
1100100010110110110
1001110010110110110
1010001010110110110
1000100111110110110
1011100000001110110
0101111100001110110
0100110010001110110
0111000110001110110
0011101001001110110
1000011101001110110
1001010011001110110
1000111000101110110
0001001100101110110
0110011100101110110
0011010010101110110
1000001110101110110
0110000001101110110
0001100011101110110
0000011011101110110
1110010000011110110
1011011000011110110
0100011100011110110
0101100010011110110
0011001010011110110
1010000110011110110
1010110001011110110
0100100101011110110
0000000111011110110
0001101000111110110
1101000100111110110
0011000001111110110
1000001001111110110
1111011100000001110
1010111110000001110
1011011001000001110
0111111001000001110
1011101101000001110
1101100011000001110
1100110100100001110
1001110110100001110
0110101101100001110
1010011011100001110
0011100111100001110
1100101111100001110
1001111010010001110
1110100110010001110
1100010101010001110
0010011101010001110
1011000011010001110
0011110111010001110
1000101111010001110
1110111000110001110
0101111000110001110
1110001100110001110
0011001100110001110
0111000110110001110
1001001110110001110
0111010001110001110
1011001001110001110
0100110101110001110
0100001011110001110
0010111011110001110
1101111000001001110
1111100100001001110
1011011010001001110
0110010110001001110
0111010101001001110
1100011101001001110
0011101011001001110
0001010111001001110
1010001111001001110
0111001100101001110
1001100010101001110
0101011110101001110
0010110001101001110
1001011001101001110
0101101101101001110
1101000011101001110
0100100011101001110
0110011011101001110
0110101000011001110
1001010100011001110
1100110010011001110
1111001010011001110
0101110110011001110
1010100001011001110
1100001001011001110
0011011000111001110
1010100100111001110
0000111100111001110
0100101010111001110
0111100001111001110
0001111010000101110
1111010001000101110
1010100101000101110
0110101011000101110
1111000111000101110
0100011111000101110
0010111000100101110
0011011100100101110
1101001010100101110
1000010110100101110
1010101110100101110
1110001001100101110
1000011101100101110
1100110011100101110
0001011011100101110
0010010111100101110
1001101000010101110
0100111100010101110
0110010010010101110
1010001010010101110
1100011010010101110
0101001110010101110
0111001001010101110
0101100101010101110
1001011101010101110
1010110011010101110
0011100100110101110
0101010100110101110
1011010010110101110
0001000110110101110
1101000001110101110
0000101101110101110
0001100011110101110
1000000111110101110
1110110000001101110
1000101100001101110
1100000110001101110
1010010110001101110
0100101110001101110
0101001001001101110
0010001101001101110
0001111101001101110
1001110011001101110
1011100000101101110
0101110000101101110
0011000010101101110
0100011010101101110
0000110110101101110
1001000101101101110
0111000000011101110
1001100100011101110
1110001100011101110
0010100110011101110
0001110001011101110
0010011001011101110
1100000011011101110
0011000111011101110
1100100000111101110
1000111000111101110
0110010100111101110
0000001110111101110
0000010011111101110
0101111100000011110
1111110010000011110
1011000110000011110
1001101001000011110
1101011011000011110
0100110111000011110
0111001111000011110
1000101010100011110
0100111010100011110
0110000110100011110
0001011110100011110
1011110001100011110
1100011001100011110
1110100011100011110
1000010111100011110
1011110000010011110
1111001000010011110
0110110100010011110
1100101100010011110
0010101110010011110
0100110001010011110
1110011001010011110
0011000101010011110
0101100011010011110
0010110011010011110
1001000111010011110
1101010000110011110
0010101000110011110
1001100100110011110
0101000010110011110
1000010010110011110
0001111001110011110
0011110100001011110
1110100010001011110
0101001010001011110
1101010110001011110
1000111110001011110
0101110001001011110
1010010101001011110
0010100011001011110
0000111011001011110
0011010000101011110
1100100100101011110
0100010100101011110
1010011100101011110
1011001010101011110
1010101001101011110
0011000111101011110
0000001111101011110
0001011000011011110
1000001100011011110
1010010010011011110
0100011010011011110
0110000101011011110
1000110101011011110
0001101101011011110
0010001011011011110
1110000000111011110
0101001100111011110
0011100010111011110
1001000001111011110
0000100111111011110
1011111000000111110
0110001100000111110
0011010010000111110
1001101110000111110
0001010101000111110
1100001101000111110
0010111101000111110
1000110011000111110
0111100000100111110
1110010000100111110
1101101000100111110
0110001010100111110
0101100110100111110
0101010001100111110
0011001001100111110
1010000101100111110
0000100101100111110
1101000100010111110
1010010100010111110
0100101010010111110
0001110110010111110
0110100001010111110
1000101001010111110
0000011111010111110
0010110000110111110
0000011000110111110
0100010110110111110
0010000011110111110
1100011000001111110
0110100100001111110
0010101010001111110
0001100110001111110
1111000001001111110
1100100001001111110
0110010011001111110
0001001011001111110
1010001000101111110
1001010100101111110
0000110001101111110
0100000111101111110
0011001100011111110
1001000010011111110
0100010001011111110
0010000100111111110
1000100010111111110
0100001001111111110
1010111110100000001
0111110101100000001
0011111110010000001
1110100111010000001
1101011111010000001
1011011100110000001
1011111010110000001
1001110110110000001
1101101101110000001
0111001011110000001
0111101110001000001
1111011001001000001
1001111111001000001
1111101001101000001
1111010011101000001
0001110111101000001
0110101111101000001
1111100010011000001
1101101110011000001
1011111001011000001
0110011101011000001
0101111101011000001
1100111011011000001
1010011111011000001
1101011010111000001
1110110110111000001
1110011001111000001
1011100101111000001
1001000111111000001
0110010111111000001
1111011101000100001
0111101011000100001
1011110111000100001
1111011010100100001
1001111101100100001
1110110011100100001
0100111111100100001
1111111000010100001
1100111101010100001
0101110111010100001
1011001111010100001
1111110100110100001
1101011100110100001
0110101010110100001
1001110001110100001
0111101001110100001
1110000101110100001
0001101011110100001
1000111011110100001
0011010111110100001
1000111110001100001
1111110001001100001
1001101101001100001
1001011011001100001
0111000111001100001
0110110111001100001
1101111100101100001
1010101010101100001
1100010110101100001
0011001110101100001
0010111110101100001
0101111001101100001
1011010101101100001
0110011101101100001
1101001111101100001
1010110100011100001
1110001010011100001
0101011110011100001
1110101101011100001
0100110011011100001
0111011011011100001
0111010000111100001
1100101000111100001
1111001100111100001
0101110010111100001
0011100110111100001
0010101101111100001
0001011101111100001
1100100011111100001
1011001011111100001
0100001111111100001
1101111010000010001
1110111110000010001
1010111101000010001
0111011111000010001
1111101110100010001
1001111001100010001
1011110101100010001
1011001101100010001
1101010011100010001
1100101011100010001
0101111011100010001
1100110110010010001
0110111001010010001
1111101101010010001
1111100000110010001
0101010110110010001
1110001110110010001
1111011001110010001
0000111101110010001
0011110011110010001
0010011111110010001
1111111100001010001
1011110110001010001
1011101011001010001
1110000111001010001
0100111111001010001
0110110100101010001
0011011010101010001
1110011110101010001
0111010001101010001
1010111011101010001
1101100111101010001
0111111010011010001
1001001110011010001
1101110001011010001
1011010101011010001
1100001101011010001
0101001011011010001
0010100111011010001
1100111000111010001
0011110100111010001
0111001100111010001
1111000010111010001
1010100010111010001
0101100010111010001
0000111110111010001
1000110101111010001
0100011101111010001
0001101011111010001
1111000110000110001
1100011111000110001
0111111000100110001
0110011100100110001
1100110110100110001
1001011110100110001
1100101101100110001
1011100011100110001
0011011011100110001
0001100111100110001
0110111110010110001
0111010001010110001
1011100101010110001
1101010101010110001
1010110011010110001
1110001011010110001
0000101111010110001
0001011111010110001
0001101100110110001
1010111100110110001
1110010010110110001
1101101010110110001
0011001110110110001
1010101001110110001
0100110101110110001
0100011011110110001
0110100111110110001
0110101100001110001
1101011010001110001
1111000101001110001
0001110101001110001
1101000011001110001
0010011011001110001
1010101111001110001
1100110000101110001
1101001100101110001
0001110010101110001
0111010110101110001
1110001001101110001
0011101101101110001
0110100011101110001
0101001011101110001
0000010111101110001
1011101000011110001
0100111000011110001
1101100100011110001
1110010100011110001
0011011100011110001
1011010010011110001
0111100110011110001
0010111001011110001
1001110011011110001
1000011000111110001
1001010110111110001
1000101110111110001
0011000001111110001
0110010001111110001
0101100101111110001
1010000111111110001
1111110010000001001
1110111101000001001
1101011110100001001
1100110111100001001
0101101111100001001
1011101111100001001
1110011110010001001
1011010101010001001
0100111011010001001
0111110111010001001
1100111100110001001
0101111010110001001
1101100110110001001
1110101001110001001
0011011001110001001
1110010101110001001
0010111101110001001
1011100011110001001
1000001111110001001
1011001110001001001
0111011101001001001
1110011011001001001
1101010111001001001
1111100100101001001
1011011100101001001
0100111100101001001
1010010110101001001
0111110110101001001
1110100001101001001
1110001101101001001
1001001011101001001
0010111011101001001
1111110000011001001
1100110100011001001
0111010010011001001
0101101001011001001
0001110011011001001
1010101011011001001
1111000111011001001
1000101100111001001
0111101100111001001
0011101010111001001
0110110001111001001
1001111001111001001
0100100111111001001
0001001111111001001
0111111110000101001
1111100101000101001
1010111011000101001
1101111011000101001
1100001111000101001
1101101000100101001
1110010100100101001
0011111100100101001
0111001110100101001
1101110101100101001
1111000011100101001
0001011011100101001
0010100111100101001
1010011111100101001
0110110100010101001
1011011010010101001
0101100110010101001
1101010110010101001
1010101110010101001
1010101001010101001
1001101101010101001
1101100011010101001
0111001111010101001
1011101000110101001
0011010010110101001
0000111110110101001
1100010001110101001
0101011101110101001
0110110011110101001
1111011000001101001
0110101001001101001
0011111101001101001
1100100111001101001
1110111000101101001
0110010010101101001
0101101010101101001
1110000110101101001
1001100110101101001
0011110001101101001
1000011001101101001
0101000101101101001
1010100101101101001
1001010011101101001
0110011100011101001
1001011100011101001
0001111010011101001
1011100110011101001
0100101110011101001
0111100001011101001
1101010001011101001
1010110001011101001
0011001001011101001
0010010111011101001
1000011111011101001
1101000000111101001
1000110010111101001
0100011010111101001
0010001110111101001
0000110101111101001
1010000011111101001
1101101100000011001
0001111110000011001
1100011101000011001
1111100011000011001
1011010011000011001
0110110011000011001
1110011000100011001
0011100110100011001
0111101001100011001
0110001111100011001
0011111100010011001
0010111010010011001
1011001110010011001
1001101011010011001
0110011011010011001
0111000111010011001
1100101111010011001
1010110100110011001
0110101100110011001
1001011010110011001
0110010110110011001
1001100001110011001
0101110001110011001
1101000101110011001
0001101101110011001
1110000011110011001
1000110011110011001
0111111000001011001
1100100110001011001
0010101101001011001
0011011111001011001
0011110000101011001
1011101000101011001
1101110010101011001
0110101010101011001
0101001110101011001
1010110001101011001
1101011001101011001
0111000101101011001
1001100101101011001
0100011011101011001
1000010111101011001
0000101111101011001
1110101000011011001
1011000100011011001
1100010010011011001
1000110110011011001
0010001110011011001
0101011110011011001
1111001001011011001
1000011001011011001
0001010101011011001
0110110101011011001
0001100111011011001
0001111000111011001
1101010100111011001
1010011010111011001
1100100001111011001
1010001101111011001
0011010011111011001
1110101010000111001
1011010110000111001
0100011110000111001
0101110001000111001
1011001001000111001
0110101101000111001
1000010111000111001
1011110000100111001
1010001100100111001
0111100010100111001
1000111010100111001
1110100001100111001
0011000101100111001
1001001101100111001
0000111101100111001
0101010111100111001
0111100000010111001
1110011000010111001
1001110100010111001
1101001010010111001
1110100110010111001
1000111001010111001
0101001101010111001
0010011101010111001
0011101011010111001
0101011000110111001
1111000100110111001
0100100010110111001
1000000110110111001
0001110110110111001
1011010001110111001
1000001011110111001
0100000111110111001
1001111000001111001
0101110100001111001
1010011100001111001
1110110010001111001
0111001010001111001
0010110110001111001
1001101110001111001
1110010001001111001
1101101001001111001
0011011001001111001
0100100101001111001
1000100011001111001
0011110011001111001
0001001111001111001
0001011100101111001
1011000010101111001
1100001010101111001
0100111001101111001
1100001100011111001
0110000011011111001
0100101011011111001
0100010111011111001
1001100000111111001
0011001000111111001
0010100100111111001
0100010100111111001
0010110010111111001
0000001001111111001
0101000011111111001
1111010110000000101
1111111001000000101
1100101111000000101
1110111000100000101
0111011110100000101
1001011111100000101
1110101100010000101
0111011101010000101
1010101011010000101
0110101111010000101
1100011100110000101
0111100110110000101
0101111001110000101
1101000011110000101
1110011011110000101
1010110111110000101
0101110111110000101
0000111111110000101
1101111100001000101
1011100101001000101
0101011011001000101
1111001111001000101
0011111100101000101
1011010010101000101
1101101010101000101
1101000110101000101
0100101101101000101
1010011101101000101
1100110011101000101
0110001011101000101
0011111011101000101
1001110010011000101
0110011110011000101
1101000101011000101
0010111101011000101
0110110011011000101
0011010111011000101
0001101111011000101
1010110000111000101
0111010100111000101
1001101100111000101
0111001010111000101
1010001110111000101
0001011110111000101
0011100001111000101
1101110001111000101
1100000111111000101
0110111110000100101
0011101101000100101
1101100111000100101
1101110100100100101
0011110010100100101
1011101110100100101
1101001001100100101
0110100101100100101
0111001101100100101
1110101011100100101
0000111011100100101
1011000111100100101
0010011111100100101
1111110010010100101
1100111010010100101
0101101110010100101
1010011110010100101
1011010001010100101
1101001011010100101
0011111011010100101
1010100100110100101
1001001010110100101
1111000110110100101
0100010110110100101
0010111001110100101
1100100101110100101
1001011101110100101
0111111000001100101
1011001100001100101
1110011010001100101
1110100110001100101
1011101001001100101
1100011101001100101
1010110011001100101
1111100000101100101
1010110100101100101
0100111010101100101
0001101110101100101
1000111001101100101
0101010101101100101
0111100011101100101
0001111000011100101
0111000100011100101
1100010110011100101
0011110110011100101
1110000001011100101
0100110101011100101
1001110101011100101
0101100011011100101
0010001011011100101
1011011000111100101
0010010100111100101
0100111100111100101
1000001101111100101
1010010011111100101
0001010011111100101
0000100111111100101
1101110101000010101
1110011011000010101
0111100111000010101
0011111111000010101
0101101100100010101
1111110010100010101
0010110110100010101
1000101110100010101
1101011101100010101
0110111101100010101
1110000111100010101
1011111000010010101
1110110100010010101
0011110100010010101
1111001010010010101
1010010110010010101
1001111110010010101
0001011011010010101
1011100111010010101
1100001010110010101
0011101010110010101
0110111010110010101
0111100001110010101
1100010001110010101
0011010101110010101
0110001101110010101
1000101101110010101
1001010011110010101
0101001111110010101
1110011100001010101
0110110010001010101
1011011010001010101
0101101101001010101
1110101011001010101
1101010111001010101
1000110111001010101
1011001000101010101
1000011010101010101
0110000110101010101
0100110110101010101
0101100001101010101
1110110001101010101
1010000101101010101
0001001101101010101
0011100111101010101
0101011000011010101
0101110100011010101
0011101100011010101
1100101010011010101
0110100001011010101
1001101001011010101
1011000011011010101
0100010011011010101
1000011111011010101
1110001000111010101
1100100100111010101
1001010100111010101
0010101110111010101
0011011001111010101
0000111001111010101
1111010000000110101
1111101100000110101
0101010110000110101
1010001110000110101
1110100001000110101
0001011101000110101
1001101011000110101
0100111011000110101
1011010100100110101
1101100010100110101
0111001010100110101
0001111110100110101
1010011001100110101
1000110101100110101
0110010011100110101
0101101000010110101
1000011100010110101
0111011100010110101
0010011010010110101
1001100110010110101
1011001001010110101
0010110101010110101
0111000011010110101
1100110011010110101
1100000111010110101
0110110000110110101
1001111000110110101
0101000100110110101
1100001100110110101
1010100010110110101
0101010010110110101
0010001001110110101
0100101001110110101
0010000111110110101
1010111000001110101
0011100010001110101
0011001110001110101
1100101110001110101
0111001001001110101
0110010101001110101
0000111101001110101
0101110011001110101
1010010111001110101
0011110000101110101
0110101000101110101
0101011000101110101
1001100100101110101
1001010001101110101
1010000011101110101
1001001011101110101
0000101011101110101
0100001111101110101
1110100000011110101
0000110110011110101
0100001110011110101
1000100001011110101
1100011001011110101
0010001101011110101
0001000111011110101
1000000010111110101
0000011010111110101
1101000001111110101
0111110100000001101
1011100110000001101
1110110110000001101
1111001011000001101
0011111011000001101
1000111111000001101
0111101100100001101
1001111010100001101
1110001110100001101
0111110001100001101
1101101001100001101
1011011001100001101
0101010101100001101
1010101101100001101
0110100011100001101
0111101000010001101
1111001100010001101
1001101100010001101
1110110001010001101
1101011001010001101
1001110011010001101
0100010111010001101
1011110100110001101
1100101010110001101
0110011010110001101
0101001110110001101
1010010011110001101
0011000111110001101
1010101010001001101
1100011110001001101
0001111110001001101
1001110001001001101
0010110101001001101
1001011101001001101
0101100111001001101
0111011000101001101
0101110010101001101
1100110101101001101
0011001101101001101
1011100011101001101
0110010111101001101
0000011111101001101
1010011000011001101
1101011010011001101
0110100110011001101
1011010110011001101
0110001101011001101
1100101101011001101
1000100011011001101
0011001011011001101
1001001000111001101
0010111000111001101
1110000100111001101
0001100100111001101
1110100010111001101
0000011010111001101
0000110110111001101
1111000001111001101
0100011001111001101
1000010101111001101
1011111100000101101
0101011010000101101
1100101001000101101
1010010101000101101
1110010011000101101
0110000111000101101
0001110111000101101
1000111100100101101
1010001010100101101
0100100110100101101
1001010110100101101
1001100001100101101
0110011001100101101
0001101111100101101
0101110100010101101
1111000010010101101
0010110010010101101
0110111001010101101
1001000101010101101
0011010101010101101
0000101101010101101
1000011011010101101
1010100111010101101
0001110000110101101
1101011000110101101
0110010100110101101
0011001100110101101
0110101100110101101
0011100010110101101
1100110010110101101
0111000001110101101
1010001101110101101
0100001011110101101
0000010111110101101
1100110000001101101
1111010100001101101
0101101100001101101
1101100010001101101
0010011110001101101
0101010001001101101
1110001001001101101
0011000011001101101
0100011011001101101
1001000111001101101
0010101111001101101
0010101000101101101
0111100100101101101
0001010100101101101
1100001100101101101
1000101010101101101
0011011010101101101
1100000011101101101
0000110011101101101
1011100000011101101
1000111100011101101
0001001010011101101
0110101010011101101
1000000110011101101
0101001101011101101
1110010000111101101
0101000110111101101
1001000001111101101
0100100001111101101
0001101001111101101
1011011100000011101
0110101110000011101
1111010101000011101
1101010011000011101
0101101011000011101
1010001111000011101
1110100000100011101
0100111000100011101
1010111000100011101
1101100100100011101
1100010110100011101
0011010110100011101
0000110011100011101
1100001011100011101
0011001011100011101
1001000111100011101
1101111000010011101
0101110010010011101
1101000110010011101
0011110001010011101
1010001001010011101
0101100101010011101
1000110101010011101
0100011101010011101
0000001111010011101
1011000000110011101
0111010000110011101
0001011100110011101
1001100010110011101
0100100110110011101
1000011110110011101
0010100101110011101
0010101011110011101
1011110000001011101
0111001100001011101
1100101100001011101
0000111100001011101
1111000010001011101
0001101010001011101
1100111010001011101
0001010110001011101
1101001001001011101
0010011001001011101
1110100101001011101
0111010011001011101
1101010000101011101
0100011100101011101
1010100110101011101
1001001110101011101
1000101001101011101
0001110101101011101
0110010100011011101
1010101100011011101
0111100010011011101
1010010001011011101
1100000011011011101
0000111011011011101
0101101000111011101
0010010010111011101
0100001010111011101
0100000101111011101
0001000011111011101
0011101000000111101
1100111100000111101
1001110010000111101
0010111010000111101
0101001110000111101
0111011001000111101
0011100101000111101
1001011011000111101
0100110111000111101
1111001000100111101
0110110100100111101
1010010010100111101
1100010001100111101
0001111001100111101
0100001101100111101
0101000011100111101
1000100111100111101
1100010000010111101
0110001000010111101
1001011000010111101
0011000110010111101
0000101110010111101
1101100001010111101
1110000101010111101
0000100011010111101
1000101000110111101
0010011100110111101
0000010001110111101
1101000100001111101
1010100100001111101
0110000110001111101
1000001101001111101
0110000000101111101
0000000110101111101
1011000001101111101
0010010101101111101
0010001011101111101
0011010000011111101
0100110000011111101
0001100100011111101
1001010010011111101
1010001010011111101
0001011001011111101
1000000100111111101
0010100001111111101
0101111101000000011
1111101011000000011
0111111100100000011
1101001110100000011
0110111001100000011
0011101101100000011
1011011011100000011
1110010111100000011
1111011100010000011
1111010011010000011
1001101011010000011
0011101111010000011
1111000100110000011
0111110010110000011
0100111110110000011
1010110101110000011
1100110011110000011
0010001111110000011
1100101111110000011
1110111010001000011
1111010110001000011
1110110101001000011
1101100111001000011
1111110000101000011
1001111010101000011
1011101110101000011
0110011110101000011
1101010101101000011
0011100011101000011
1100001011101000011
0011010111101000011
0001111100011000011
0011011010011000011
0010110110011000011
1110001110011000011
0101010101011000011
1000101101011000011
1011110011011000011
0110101011011000011
0101101000111000011
1100010100111000011
1010111100111000011
1110100001111000011
1001010001111000011
0111001101111000011
0101011011111000011
0010111011111000011
1000011111111000011
1011110100000100011
0101111010000100011
1110111110000100011
0011110011000100011
0110011011000100011
1010100111000100011
1001010111000100011
1001101100100100011
1101110010100100011
1111000001100100011
1010101101100100011
1100011101100100011
0111100111100100011
0111101100010100011
0111010110010100011
1100001110010100011
1001111110010100011
1101101001010100011
0110110101010100011
1110100011010100011
0010011100110100011
1011100010110100011
1000011010110100011
1010010110110100011
0101001110110100011
1110011001110100011
0101000101110100011
1011000101110100011
0001111101110100011
1110001100001100011
1100111001001100011
0010111101001100011
0011001111001100011
1110100010101100011
0111001010101100011
0101100110101100011
0001011110101100011
0011011001101100011
1100100101101100011
0101010011101100011
1001101011101100011
1000110111101100011
1101011000011100011
0011101010011100011
1010000110011100011
0100110110011100011
1001100001011100011
1010011001011100011
0011100101011100011
1100010011011100011
1101000111011100011
0000101111011100011
1001110000111100011
1011001000111100011
0110111000111100011
0110100100111100011
0000100110111100011
0000110001111100011
0110000011111100011
1111100100000010011
1001101111000010011
1011011111000010011
1100111100100010011
1110010010100010011
0110101010100010011
1001110110100010011
0110110011100010011
0111000111100010011
0000011111100010011
0110011100010010011
1110111010010010011
1010101110010010011
1111001001010010011
1001111001010010011
0100101101010010011
1100011011010010011
0010010111010010011
0101110111010010011
1001101000110010011
1110100100110010011
1011010010110010011
0011100110110010011
0001011001110010011
0111010101110010011
1101100011110010011
1001001111110010011
1111001010001010011
0101110110001010011
1000011110001010011
1011010001001010011
1100101001001010011
0111111001001010011
1110011101001010011
0010110111001010011
0101001111001010011
1101101000101010011
1010101100101010011
0101011100101010011
1011000110101010011
0110100101101010011
0001111101101010011
1000100011101010011
1110110000011010011
1101010010011010011
1100100101011010011
0011001101011010011
0111100011011010011
0000110011011010011
1010001011011010011
0010111000111010011
1101000100111010011
1001011100111010011
0110010010111010011
0100101110111010011
1010000001111010011
0001100101111010011
0100000111111010011
1011011000000110011
0011111100000110011
1000111010000110011
0110100110000110011
1101100110000110011
1100110001000110011
0111001101000110011
1111010011000110011
0111100000100110011
0101110100100110011
0011010110100110011
1110001110100110011
0101101001100110011
1101011001100110011
0010110101100110011
1010001011100110011
1100000111100110011
1111110000010110011
1001001100010110011
0101011010010110011
1010011101010110011
1010000011010110011
0101100011010110011
0011001011010110011
1000110111010110011
1101010000110110011
0110001000110110011
1000100100110110011
0100011100110110011
0000110010110110011
0010101010110110011
0011110001110110011
1001000011110110011
1101010100001110011
1000111100001110011
1011100010001110011
0110010010001110011
0000101110001110011
0111100001001110011
0100011001001110011
0110001011001110011
0001111011001110011
1111000000101110011
0011101000101110011
1010010100101110011
1010011010101110011
0100111010101110011
1010110001101110011
1001000101101110011
0000001101101110011
0011110000011110011
0010101000011110011
0101101100011110011
1100100010011110011
1001001010011110011
0001000110011110011
0010011110011110011
0110000101011110011
1000010101011110011
1100000110111110011
0101001001111110011
1000101001111110011
0000010011111110011
1110101100000001011
1001011110000001011
1101110001000001011
0010111111000001011
1101011000100001011
1110111010100001011
0101010110100001011
1000111001100001011
1111001101100001011
1011110011100001011
1010000111100001011
0001111111100001011
1011111000010001011
0111001010010001011
1010110110010001011
0111111001010001011
0110100101010001011
1010001101010001011
1001011011010001011
1001100111010001011
1100010111010001011
0011100100110001011
1010001010110001011
0110101110110001011
0011011110110001011
0101100001110001011
0100011101110001011
0111000011110001011
1101111100001001011
0111011010001001011
1011101001001001011
0111100101001001011
1010010011001001011
1101001011001001011
0001100111001001011
0110001111001001011
0100111111001001011
1011001000101001011
1001110100101001011
0110100010101001011
0101001001101001011
0010010101101001011
1000101101101001011
0101110011101001011
0110011000011001011
1101001100011001011
1000111010011001011
0101100110011001011
1111000001011001011
1001110101011001011
0011011101011001011
0011110000111001011
1110001000111001011
1100000010111001011
1001101010111001011
1011000110111001011
0100010110111001011
0100101001111001011
0000011011111001011
0010100111111001011
1011101010000101011
1100110110000101011
1111001110000101011
0010101110000101011
1011011001000101011
0101101101000101011
0001011101000101011
0111110000100101011
0100101100100101011
0010110110100101011
0111010101100101011
1000100011100101011
0110101011100101011
1100011011100101011
1100111000010101011
1101100100010101011
0001101110010101011
0110010001010101011
0000110101010101011
1100001101010101011
1011000011010101011
0100001011010101011
0010011011010101011
1010110000110101011
0111011000110101011
1001010100110101011
1101000010110101011
0110000110110101011
1000100110110101011
0101010001110101011
1001001001110101011
0010101001110101011
0001110011110101011
1110100000001101011
1010101100001101011
0100011100001101011
1101000010001101011
0010111010001101011
0011010110001101011
1001110110001101011
1011000101001101011
1110010101001101011
0100110011001101011
0001101011001101011
1011010000101101011
0000111000101101011
0100110100101101011
0011001100101101011
1000001110101101011
1101100001101101011
1010001001101101011
0100001111101101011
0101110000011101011
0111000100011101011
1110010010011101011
1100101010011101011
0010100011011101011
0001010111011101011
0001101100111101011
1000011100111101011
0001000010111101011
0000000101111101011
1111101000000011011
0111001100000011011
1110010110000011011
0111110110000011011
0011110101000011011
0100111101000011011
1010101011000011011
0101011011000011011
1101000111000011011
1111010000100011011
0011011000100011011
1101100010100011011
1010110010100011011
1000101110100011011
1001010101100011011
1100110101100011011
1010011101100011011
0100100111100011011
0101010100010011011
1000111100010011011
0011100010010011011
0101101010010011011
1110110001010011011
1011100101010011011
0000111111010011011
0100110000110011011
1101001100110011011
1100011010110011011
0001000110110011011
0010010001110011011
1100001001110011011
0011001001110011011
0000101011110011011
1010110100001011011
1001010010001011011
0100101010001011011
1100001110001011011
0011101110001011011
0001111001001011011
0100010101001011011
1001001101001011011
0011000011001011011
1100110011001011011
1110000100101011011
0101100100101011011
0010001010101011011
0001011010101011011
0000110110101011011
0011100001101011011
0110011001101011011
1110000011101011011
1001100000011011011
1011011000011011011
0100111100011011011
1010100010011011011
0110000110011011011
0101010001011011011
0010101001011011011
1000000111011011011
0111000000111011011
0010010100111011011
0000001100111011011
1001000011111011011
0110111000000111011
1101011100000111011
1101000001000111011
1001110001000111011
1000101101000111011
0001100111000111011
0110010111000111011
0010001111000111011
1011100100100111011
0100010010100111011
1011001010100111011
0001101010100111011
0000011110100111011
0110000001100111011
0010111001100111011
0101001011100111011
0001111000010111011
1110000100010111011
0011010100010111011
0010101100010111011
1010010010010111011
0100110010010111011
1010100001010111011
0001010011010111011
1100101000110111011
0100100101110111011
1000010101110111011
0010000111110111011
0111010000001111011
0011100100001111011
0010010101001111011
1000011011001111011
1010000111001111011
1000100000101111011
1100010000101111011
0110001100101111011
0001000110101111011
0001010001101111011
0000100011101111011
1010001000011111011
0101001000011111011
0000011010011111011
1100000001011111011
0000001101011111011
0110100000111111011
1011111010000000111
1010011101000000111
1101110011000000111
0111011011000000111
0110110111000000111
1100110010100000111
1110100110100000111
1110001001100000111
1111100101100000111
1001111101100000111
0101101011100000111
1001100111100000111
0100011111100000111
0111110000010000111
1101110100010000111
1101101010010000111
1011001110010000111
1111100001010000111
0011110101010000111
1100111101010000111
0111000111010000111
1000010111010000111
0011111000110000111
0110110100110000111
0101101100110000111
1010101010110000111
0001011010110000111
1101010110110000111
1011010001110000111
1000101001110000111
0010100011110000111
0111101000001000111
1011110100001000111
0111100110001000111
1100110110001000111
0101001110001000111
0010101110001000111
0011011001001000111
1110000011001000111
1000111011001000111
1111011000101000111
1110101100101000111
1000011100101000111
0100111001101000111
0111000101101000111
0000110101101000111
1010001011101000111
1100011000011000111
0101111010011000111
1110010101011000111
0101001101011000111
1011001101011000111
1001001011011000111
1010100111011000111
0100001100111000111
0011000010111000111
0100110010111000111
1000100110111000111
0110010001111000111
1101001001111000111
0001100011111000111
1111001000000100111
1101100100000100111
0011011110000100111
1001111001000100111
1101010101000100111
1110001111000100111
0000111111000100111
1100111000100100111
0101011100100100111
1110010010100100111
1001011010100100111
1000110110100100111
0100101110100100111
0011010001100100111
0010110011100100111
1110010100010100111
1011101100010100111
0000111100010100111
0110100010010100111
1001010010010100111
0101011001010100111
1010111001010100111
0110001101010100111
0001000111010100111
1101100000110100111
0110011010110100111
0001100110110100111
0101110001110100111
0100000011110100111
0011001011110100111
1000001111110100111
0110110000001100111
0001110100001100111
1101001100001100111
1001100010001100111
1000010101001100111
0110101101001100111
1011010011001100111
0101101011001100111
0100010111001100111
1000001111001100111
0010011000101100111
1011000110101100111
0110010110101100111
1010100001101100111
1100010001101100111
0001001001101100111
0001100101101100111
0010000111101100111
1010101000011100111
1100100100011100111
0001011100011100111
1111000010011100111
1000110010011100111
0111010001011100111
0100101001011100111
0000011011011100111
0111100000111100111
1001000100111100111
0010001100111100111
1100001010111100111
0000101010111100111
1101011000000010111
0010111100000010111
1011100010000010111
0101111110000010111
1010110001000010111
1010101101000010111
0001110011000010111
0100001111000010111
0111110000100010111
1110010100100010111
1001010100100010111
1101001010100010111
0100011010100010111
0011001110100010111
0111001001100010111
0100010101100010111
1011000011100010111
1000111011100010111
0111010010010010111
0100100110010010111
1100011110010010111
0011101001010010111
1101000101010010111
1010010011010010111
0100101011010010111
1100110000110010111
1010011000110010111
0001110100110010111
1011001100110010111
1110000010110010111
1000000101110010111
0000110111110010111
0111010100001010111
1001101100001010111
0010111010001010111
1111100001001010111
1001011001001010111
0111000011001010111
0001000111001010111
1001110000101010111
0011011100101010111
1100100010101010111
0001101010101010111
1000010110101010111
0010101001101010111
1100001101101010111
0010010011101010111
0101010011101010111
1101000000011010111
1000111000011010111
1010000100011010111
0110101100011010111
0110001010011010111
1001100110011010111
0011010110011010111
0000101110011010111
0001110001011010111
0110011001011010111
0000011101011010111
1011100000111010111
0101000110111010111
0010000101111010111
0000001011111010111
1110011000000110111
1100101100000110111
0111101010000110111
1010110110000110111
0110110001000110111
1011000101000110111
0101100101000110111
0010101011000110111
1001001111000110111
1010101000100110111
0001111000100110111
0111000100100110111
1001100001100110111
0010001101100110111
0100100011100110111
1000010011100110111
0001010111100110111
0010100100010110111
1001010100010110111
0011110010010110111
1000101010010110111
0110000110010110111
1100001001010110111
0100010101010110111
0001101101010110111
0011000000110110111
0000001110110110111
1110000001110110111
0000011001110110111
1101110000001110111
1010000010001110111
0001011010001110111
0100011110001110111
1000100101001110111
0011010101001110111
1100000011001110111
1100001000101110111
0100100100101110111
0101000010101110111
0010100110101110111
0111001000011110111
0001000001011110111
0010100011011110111
0100010000111110111
1010010000111110111
0000110100111110111
0100111010000001111
1101101110000001111
1101001101000001111
1100010011000001111
1011010111000001111
0011001111000001111
1011101000100001111
1011010100100001111
0110011100100001111
1111000010100001111
0111101010100001111
0000101110100001111
0010110101100001111
0001010011100001111
0010101011100001111
0101000111100001111
1111010000010001111
1010011100010001111
0101011100010001111
0110110010010001111
1100000110010001111
0001110110010001111
0000111001010001111
1110001011010001111
0001101011010001111
1000110000110001111
0010010110110001111
1000011001110001111
0110000101110001111
1001100101110001111
0001001101110001111
1100100011110001111
1110010000001001111
0110111100001001111
0011110010001001111
1010111001001001111
1100100101001001111
0001101101001001111
0110100011001001111
1100101000101001111
0001111000101001111
1101000100101001111
0010100100101001111
1010110010101001111
1100011010101001111
0010001110101001111
1011000001101001111
1000000111101001111
1101100000011001111
0011101000011001111
0011000100011001111
1000101110011001111
0000011110011001111
0100110001011001111
1000001101011001111
0101000011011001111
0010010011011001111
0100001111011001111
0101010000111001111
1001010010111001111
0010001001111001111
0001010101111001111
1010110000000101111
0101111000000101111
0111000100000101111
0101100010000101111
0011100110000101111
1000011110000101111
1111100001000101111
1000110101000101111
0110011101000101111
1000101011000101111
1110100100100101111
1001001100100101111
0111010010100101111
0100110001100101111
0011101001100101111
1100000101100101111
0000001011100101111
1110101000010101111
0011011000010101111
0010001110010101111
0011100001010101111
0101010011010101111
0100100111010101111
1010000000110101111
0100001000110101111
1100010100110101111
0000111010110101111
1001011000001101111
0110001010001101111
1011001010001101111
0101010110001101111
0011110001001101111
0000010011001101111
0000100111001101111
0101001000101101111
1000010010101101111
0110000001101101111
0000011101101101111
0100000100011101111
0010110100011101111
1000010001011101111
1001001001011101111
1010000101011101111
0010000010111101111
1000100001111101111
1001110100000011111
1010011010000011111
1000100110000011111
0110011110000011111
0111010001000011111
0110101001000011111
1100111001000011111
1110000101000011111
0001011101000011111
0010100111000011111
1000001100100011111
0011101100100011111
0001110010100011111
0001100001100011111
0100101101100011111
0010011011100011111
1100100000010011111
0111100100010011111
1001001010010011111
0011011010010011111
1001010001010011111
0101001001010011111
0110000011010011111
0110001000110011111
0000111100110011111
1010000110110011111
1010100001110011111
0100010011110011111
0101100000001011111
1110001000001011111
1011000100001011111
1001100011001011111
1000001011001011111
0000010111001011111
0110110000101011111
0111000010101011111
0100000001101011111
1000010001101011111
0010110000011011111
1100010100011011111
0010000010011011111
0001001110011011111
0000100101011011111
1000001000111011111
0000100010111011111
0100110100000111111
0001001100000111111
1110100010000111111
1101010010000111111
1100001010000111111
0000011001000111111
0011000011000111111
1001000000100111111
0100101000100111111
0010010100100111111
0010100010100111111
1100000110100111111
1011000000010111111
0000010110010111111
1000000011010111111
0101100000110111111
0001001010110111111
0001000101110111111
1001101000001111111
0010011000001111111
1000010100001111111
0000110010001111111
0010000001001111111
0100101001001111111
0101000101001111111
0000101100101111111
0000101000011111111
0100000010011111111
0001010000111111111
