1111000100010000
1111000010001000
1111000000100010
1110100100001000
1110100001000010
1110100000100100
1110010100000100
1110010010000010
1110010001010000
1110001010000100
1110001001001000
1110001000110000
1101100101000000
1101100010100000
1101100000010100
1101010001100000
1101010000011000
1101010000000110
1101000100000011
1101000010000101
1101000001001001
1100101110000000
1100101000011000
1100101000000110
1100100010000011
1100100001010001
1100100000101001
1100011101000000
1100011010100000
1100011000001010
1100010100001001
1100010010010001
1100010000100101
1100001100010001
1100001001000101
1100001000100011
1100000110010100
1100000110001010
1100000101000110
1100000010111000
1100000001110100
1100000001101010
1011100011000000
1011100000010010
1011100000001100
1011001110000000
1011001001100000
1011001000000110
1011000100000101
1011000001010001
1011000000101001
1010110110000000
1010110001100000
1010110000011000
1010100100000011
1010100010000101
1010100000110001
1010011100100000
1010011000010010
1010011000001100
1010010010001001
1010010001000101
1010010000100011
1010001100001001
1010001010010001
1010001001000011
1010000110010010
1010000100111000
1010000100100110
1010000011011000
1010000011000110
1010000001101100
1001110100000100
1001110010000010
1001110000101000
1001101100000010
1001101001001000
1001101000110000
1001011100010000
1001011010001000
1001011001000100
1001010100100001
1001010011000001
1001010000010011
1001001010100001
1001001000010101
1001001000001011
1001000111000100
1001000110100010
1001000101110000
1001000010001110
1001000001011100
1001000000111010
1000111010010000
1000111001000010
1000111000100100
1000110101000001
1000110000010101
1000110000001011
1000101100100001
1000101011000001
1000101000001101
1000100110100100
1000100101101000
1000100100001110
1000100011110000
1000100010010110
1000100001011010
1000010111010000
1000010110101000
1000010100011100
1000010011100010
1000010001010110
1000010000101110
1000001111001000
1000001101100010
1000001100011010
1000001011100100
1000001010011100
1000001000110110
1000000101010011
1000000101001101
1000000100110101
1000000011001011
1000000010110011
1000000010101101
0111010100100000
0111010011000000
0111010000001100
0111001101000000
0111001000010100
0111001000001010
0111000010010001
0111000001000011
0111000000100101
0110110010100000
0110110000010100
0110110000001010
0110101100100000
0110101011000000
0110101000010010
0110100100010001
0110100010001001
0110100001000101
0110010100000011
0110010001001001
0110010000110001
0110001100000101
0110001010000011
0110001000101001
0110000101010010
0110000101001100
0110000100101010
0110000011010100
0110000010110010
0110000010101100
0101110100001000
0101110010010000
0101110001000010
0101101010001000
0101101001000100
0101101000100010
0101100100100001
0101100000010011
0101100000001101
0101011100000010
0101011010000100
0101011000110000
0101001110000001
0101001001100001
0101001000011001
0101000111001000
0101000110110000
0101000100011010
0101000011100100
0101000001001110
0101000000110110
0100111100000100
0100111001010000
0100111000101000
0100110110000001
0100110001100001
0100110000000111
0100100111010000
0100100101100100
0100100100011100
0100100011100010
0100100010011010
0100100000101110
0100011011000001
0100011000010011
0100011000001101
0100010111000010
0100010110100100
0100010101101000
0100010010010110
0100010001011010
0100010000111100
0100001110100010
0100001101110000
0100001100010110
0100001011101000
0100001010001110
0100001001011100
0100000110001101
0100000100111001
0100000100100111
0100000011011001
0100000011000111
0100000001110011
0011110100010000
0011110001000100
0011110000100010
0011101100001000
0011101010010000
0011101000100100
0011100101000001
0011100010100001
0011100000001011
0011011010000010
0011011001010000
0011011000101000
0011010110000001
0011010000011001
0011010000000111
0011000110101000
0011000101100100
0011000100011100
0011000011100010
0011000010011010
0011000001010110
0010111100000010
0010111010000100
0010111001001000
0010101001100001
0010101000011001
0010101000000111
0010100111001000
0010100110110000
0010100101100010
0010100010011100
0010100001001110
0010100000110110
0010011101000001
0010011010100001
0010011000010101
0010010111000100
0010010101110000
0010010100010110
0010010011101000
0010010010001110
0010010000111010
0010001111000010
0010001110100100
0010001100001110
0010001011110000
0010001001011010
0010001000111100
0010000110010101
0010000110001011
0010000101011001
0010000010100111
0010000001110101
0010000001101011
0001110010000101
0001110001001001
0001110000110001
0001101100000101
0001101010000011
0001101001010001
0001100101010010
0001100100110100
0001100100101010
0001100011010100
0001100011001010
0001100010101100
0001011100001001
0001011001000011
0001011000100101
0001010110010010
0001010110001100
0001010100100110
0001010011011000
0001010001110010
0001010001101100
0001001110010100
0001001101011000
0001001101000110
0001001010111000
0001001010100110
0001001001101010
0001000111000011
0001000101101001
0001000100001111
0001000011110001
0001000010010111
0001000000111101
0000111100010001
0000111010001001
0000111000100011
0000110110001010
0000110101011000
0000110101000110
0000110010111000
0000110010100110
0000110001110100
0000101110010010
0000101110001100
0000101100111000
0000101011000110
0000101001110010
0000101001101100
0000100111000101
0000100110100011
0000100100010111
0000100011101001
0000100001011101
0000100000111011
0000011101001100
0000011100110100
0000011100101010
0000011011010100
0000011011001010
0000011010110010
0000010110110001
0000010101100011
0000010100011011
0000010011100101
0000010010011101
0000010001001111
0000001111010001
0000001110101001
0000001101100101
0000001010011011
0000001001010111
0000001000101111
1111111000000000
1111110000000001
1111101000000001
1111011000000001
1110111000000001
1110000111100000
1110000111000001
1110000110100001
1110000101100001
1110000011100001
1110000000011110
1110000000011101
1110000000011011
1110000000010111
1110000000001111
1101111000000001
1101001100101000
1101001100100100
1101001100001100
1101001011010000
1101001011000010
1101001010010010
1101001001010010
1101001000101100
1101000100101100
1101000011010010
1100110100110000
1100110100100010
1100110100010010
1100110011001000
1100110011000100
1100110010001100
1100110001001100
1100110000110010
1100100100110010
1100100011001100
1100010100110010
1100010011001100
1100001100101100
1100001011010010
1100000111100001
1100000000011111
1011111000000001
1011010101001000
1011010101000010
1011010100001010
1011010010110000
1011010010100100
1011010010010100
1011010001001010
1011010000110100
1011000101001010
1011000010110100
1010101101010000
1010101101000100
1010101100010100
1010101010101000
1010101010100010
1010101010001010
1010101001010100
1010101000101010
1010100101010100
1010100010101010
1010010101001010
1010010010110100
1010001101010100
1010001010101010
1010000111100001
1010000000011111
1001100110011000
1001100110010001
1001100110001001
1001100100011001
1001100010011001
1001100001100110
1001100001100101
1001100001100011
1001100001000111
1001100000100111
1001010101001010
1001010010110100
1001001100101100
1001001011010010
1001000110011001
1001000001100111
1000110100110010
1000110011001100
1000101101010100
1000101010101010
1000100110011001
1000100001100111
1000011110000110
1000011110000101
1000011110000011
1000011100000111
1000011010000111
1000011001111000
1000011001110001
1000011001101001
1000011001011001
1000011000111001
1000010110000111
1000010001111001
1000001110000111
1000001001111001
0111111000000001
0111100110000100
0111100110000010
0111100100000110
0111100010000110
0111100001110000
0111100001101000
0111100001011000
0111100000111000
0111000110000110
0111000001111000
0110100110000110
0110100001111000
0110011110010000
0110011110001000
0110011100011000
0110011010011000
0110011001100100
0110011001100010
0110011001000110
0110011000100110
0110010110011000
0110010001100110
0110001110011000
0110001001100110
0110000111100001
0110000000011111
0101100110000110
0101100001111000
0101010101010100
0101010101010001
0101010101000101
0101010100010101
0101010010101010
0101010010101001
0101010010100011
0101010010001011
0101010001010101
0101010000101011
0101001100101100
0101001011010010
0101000101010101
0101000010101011
0100110100110010
0100110011001100
0100101101001010
0100101101001001
0100101101000011
0100101100001011
0100101010110100
0100101010110001
0100101010100101
0100101010010101
0100101001001011
0100101000110101
0100100101001011
0100100010110101
0100011110011000
0100011001100110
0100010101010101
0100010010101011
0100001101001011
0100001010110101
0011100110000110
0011100001111000
0011010101001010
0011010010110100
0011001100110010
0011001100110001
0011001100100011
0011001100010011
0011001011001100
0011001011001001
0011001011000101
0011001010001101
0011001001001101
0011001000110011
0011000100110011
0011000011001101
0010110100101100
0010110100101001
0010110100100101
0010110100001101
0010110011010010
0010110011010001
0010110011000011
0010110010010011
0010110001010011
0010110000101101
0010101101010100
0010101010101010
0010100100101101
0010100011010011
0010011110011000
0010011001100110
0010010100101101
0010010011010011
0010001100110011
0010001011001101
0001111111000000
0001111110100000
0001111101100000
0001111011100000
0001111000011100
0001111000011010
0001111000010110
0001111000001110
0001110111100000
0001110000011110
0001101111100000
0001101000011110
0001100110011001
0001100001100111
0001011111100000
0001011000011110
0001010101010101
0001010010101011
0001001100110011
0001001011001101
0000111111100000
0000111000011110
0000110100101101
0000110011010011
0000101101001011
0000101010110101
0000011110000111
0000011001111001
0000000111111100
0000000111111010
0000000111110110
0000000111101110
0000000111011110
0000000110111110
0000000101111110
0000000011111110
